0.789128
0.833985
1.41821
1.75478
2.08981
3.62223
4.29449
4.37074
6.12552
7.94665
8.11018
10.1904
17.1207
18.3774
18.8016
20.9056
21.967
24.1625
25.9815
27.7284
29.7732
30.0022
30.7968
30.9594
32.6575
33.5715
37.5995
37.6848
38.6484
42.0254
43.3221
43.447
44.0142
45.4441
45.8294
47.2834
47.6469
48.0752
48.7092
50.3175
52.5887
52.8459
53.3623
54.4883
55.4324
55.4818
55.8285
56.141
57.9381
58.1572
59.087
61.0001
62.0424
63.5903
63.7938
64.1492
64.1908
65.4204
65.8044
68.7781
70.0854
71.7396
73.6018
73.7402
74.2667
74.5887
74.7229
74.7874
75.0467
75.1539
75.3681
76.3181
76.7653
77.0229
79.2434
81.072
81.6809
82.9066
84.2148
85.0015
85.5021
87.8289
90.1592
90.3642
92.246
93.8078
95.5176
96.0874
96.109
96.7215
98.194
100.687
101.458
103.117
104.448
105.445
105.596
106.459
108.387
109.39
109.957
110.207
111.488
114.674
116.034
116.233
116.857
117.014
120.84
120.886
121.929
122.564
122.778
124.778
130.103
131.11
131.132
133.21
134.071
136.527
138.253
138.475
139.606
139.715
140.509
140.534
140.639
141.639
142.227
145.051
145.274
145.531
146.082
146.106
146.308
148.701
149.623
150.124
150.96
154.902
156.131
159.141
161.183
161.612
162.768
168.429
168.518
168.678
169.014
169.875
173.472
175.129
175.735
177.395
180.313
180.569
180.643
180.661
180.975
182.82
183.26
183.374
184.528
185.001
187.011
192.524
193.126
193.262
194.274
194.706
194.842
197.338
198.707
198.798
202.453
202.51
203.315
204.231
204.256
205.836
206.661
208.06
208.349
209.688
210.329
210.396
212.271
213.967
213.977
217.837
219.012
219.161
221.576
221.732
222.667
223.53
224.5
225.254
228.335
229.915
230.23
231.316
231.477
231.585
233.605
234.077
234.71
236.324
236.41
237.463
238.501
238.548
239.015
239.712
240.46
240.753
241.076
242.3
244.114
244.516
245.813
248.197
248.758
250.598
251.545
253.387
253.692
255.778
256.045
256.297
256.863
257.294
257.344
261.257
261.378
262.031
262.924
265.633
265.792
268.067
269.313
269.935
271.232
271.398
271.822
277.067
278.559
279.556
280.49
282.982
284.699
285.317
285.97
285.98
286.303
287.033
287.345
287.602
287.686
288.702
289.954
291.094
292.785
292.96
293.435
293.553
294.003
296.795
297.069
298.412
299.249
300.692
301.479
302.673
302.992
304.592
304.642
304.882
305.097
307.217
307.534
308.506
308.598
308.735
309.86
316.396
316.838
316.973
317.142
317.366
317.629
318.191
324.114
324.41
326.194
327.323
327.789
327.951
329.211
329.419
331.561
332.738
334.582
336.61
337.334
337.736
339.166
339.391
339.795
341.037
341.768
343.043
343.249
344.56
344.595
344.843
345.575
346.113
347.094
349.148
349.168
349.588
349.622
349.787
351.865
351.94
353.22
354.199
354.689
356.144
356.416
358.924
359.57
360.627
361.33
364.425
365.422
366.305
367.403
367.575
371.159
372.771
375.655
376.028
376.736
378.627
380.147
381.004
381.535
381.987
382.22
382.339
384.823
385.86
386.389
388.392
388.641
388.967
389.372
389.746
389.899
392.373
393.882
396.665
397.695
398.579
398.718
399.4
400.565
401.409
401.685
403.128
404.269
405.716
406.287
407.626
408.108
408.336
408.731
408.739
408.967
409.612
410.068
410.826
412.367
412.934
413.186
414.84
414.953
415.744
415.765
415.774
416.773
416.902
418.832
421.234
422.681
423.598
423.84
426.704
427.091
427.15
427.351
428.336
428.524
429.5
430.01
431.516
431.542
431.594
433.227
434.461
436.833
437.882
439.963
441.208
441.646
442.73
445.162
445.171
445.814
447.109
448.478
449.413
450.052
450.067
451.36
451.881
452.28
452.336
452.781
453.945
454.062
455.656
458.036
459.763
461.589
464.165
464.565
465.13
465.397
465.71
465.835
466.295
466.36
467.374
467.417
468.174
469.786
470.0
470.732
471.36
471.567
472.238
473.558
478.696
478.731
480.773
481.013
481.617
482.126
482.143
483.168
483.631
485.318
485.678
486.909
487.433
488.092
489.396
491.042
491.609
491.88
493.201
496.206
496.36
499.131
499.83
499.948
500.418
500.905
501.672
501.819
502.366
502.611
504.035
505.098
507.147
507.378
508.361
508.733
510.417
513.642
514.965
514.97
515.49
516.076
516.432
517.329
518.673
518.778
521.023
522.43
522.909
525.024
525.555
526.762
527.021
527.289
527.653
527.853
528.701
529.009
530.952
531.733
534.043
534.798
536.922
537.145
537.482
538.997
539.425
539.529
541.124
544.061
544.234
544.361
544.826
545.757
547.126
548.378
549.887
550.109
550.814
551.841
553.044
553.319
553.425
553.651
554.425
555.39
557.305
557.746
558.385
560.282
560.764
562.552
563.147
567.439
568.349
569.415
570.74
570.9
572.48
574.618
577.437
579.574
581.027
582.135
582.314
583.836
584.614
584.87
585.004
585.013
586.099
587.97
588.636
589.503
591.535
592.732
592.89
593.635
594.079
596.464
596.727
596.865
597.151
597.743
599.828
601.389
602.115
603.923
604.133
604.306
604.44
604.663
606.422
607.125
608.47
609.084
609.171
609.298
609.928
611.809
611.885
612.105
612.319
614.084
614.98
615.682
615.741
616.748
617.804
618.009
618.151
619.041
620.449
620.6
620.623
623.033
623.269
628.736
628.744
629.546
631.174
631.732
632.581
634.837
637.005
637.591
638.943
639.586
639.682
640.223
641.218
642.049
643.816
644.327
647.993
649.175
649.754
650.063
650.197
650.454
653.493
653.806
654.146
654.428
654.935
655.656
656.597
656.66
657.425
658.178
660.231
660.65
662.345
663.372
665.934
666.681
667.62
667.917
668.02
669.722
671.795
672.239
672.322
672.493
674.359
675.232
675.284
675.639
675.824
677.836
678.035
678.076
678.339
678.684
678.849
679.643
680.298
682.052
682.891
683.041
684.021
686.145
686.258
686.702
688.113
688.169
689.932
690.757
691.215
691.364
691.435
691.718
692.325
692.594
692.733
693.941
696.148
696.192
696.215
700.744
701.092
703.386
703.609
704.051
705.0
705.897
706.283
706.983
707.494
707.926
709.343
709.966
711.973
712.167
712.273
712.317
714.046
715.625
715.923
717.241
717.561
718.189
721.0
721.13
721.707
721.971
723.187
723.368
726.437
728.804
730.046
732.43
732.513
732.793
733.347
733.694
733.79
735.393
735.958
736.2
736.744
737.143
737.687
740.069
740.464
740.821
741.243
741.699
742.269
742.934
744.172
746.178
746.866
747.116
748.432
749.604
750.734
751.456
751.468
751.979
752.298
752.563
753.301
753.905
755.069
755.526
757.498
758.542
758.602
759.002
759.912
764.791
764.938
769.124
771.076
774.39
774.716
777.565
777.972
777.999
779.01
780.1
782.337
783.841
784.394
786.409
787.049
789.025
789.43
791.763
792.126
792.707
794.277
795.462
795.684
797.32
797.52
797.668
797.696
798.18
798.85
800.16
802.586
802.846
803.257
804.126
804.18
804.262
804.415
805.813
806.164
806.206
806.599
807.036
807.649
808.308
809.349
810.524
811.035
811.095
811.617
811.79
814.334
814.372
814.634
815.332
815.615
815.644
815.966
819.701
820.547
820.563
820.992
822.573
822.97
823.345
823.507
823.98
824.999
825.501
825.883
827.078
827.157
828.26
830.376
830.825
831.427
831.492
831.729
832.514
832.737
835.258
836.122
836.985
837.926
840.433
841.705
841.867
842.279
842.502
842.901
843.062
843.768
843.874
845.664
845.93
846.524
847.834
848.51
848.916
852.444
854.388
854.839
856.332
857.283
858.124
858.633
860.223
860.944
861.397
861.493
861.746
863.516
863.703
864.365
864.776
865.297
865.367
867.869
868.842
869.318
869.483
870.028
870.239
870.286
872.748
873.148
874.936
878.852
879.764
880.41
880.783
881.118
881.729
883.389
884.429
885.573
887.152
889.806
890.154
891.259
891.331
891.734
891.829
895.077
895.3
895.668
895.834
896.225
896.48
896.797
897.657
898.119
899.034
900.813
901.698
901.786
903.62
903.982
904.313
904.552
904.704
905.799
905.866
905.895
906.01
908.052
909.516
911.152
912.653
914.752
915.153
916.094
917.117
917.45
917.873
917.982
921.116
922.533
922.599
922.647
922.665
923.208
923.531
923.959
925.727
928.072
929.491
929.815
930.22
930.984
933.616
933.73
933.848
933.935
934.233
935.111
935.589
936.968
938.329
939.361
940.276
940.79
941.495
941.593
942.139
942.463
942.504
942.86
943.171
944.541
945.572
945.631
946.794
948.978
949.322
950.061
952.622
952.741
953.814
954.702
956.282
959.867
960.712
960.743
960.904
962.028
962.065
962.194
962.532
962.727
963.454
963.454
963.681
964.105
965.048
967.203
968.939
970.96
971.715
972.401
972.637
973.384
974.765
975.587
976.106
978.32
981.13
982.959
984.869
985.752
986.351
988.505
989.12
989.609
990.177
991.533
993.03
993.056
995.927
998.116
998.791
1001.03
1003.0
1003.4
1003.77
1007.06
1007.58
1007.88
1008.52
1010.02
1010.88
1013.81
1017.07
1018.14
1020.32
1021.13
1021.76
1023.31
1025.22
1026.84
1027.51
1027.96
1030.29
1032.06
1034.21
1036.03
1036.71
1037.2
1037.87
1040.3
1040.65
1041.15
1041.26
1042.27
1044.07
1044.55
1045.84
1046.02
1046.3
1046.39
1046.62
1046.79
1048.74
1051.7
1051.9
1052.36
1052.59
1053.73
1054.49
1055.0
1055.48
1056.91
1057.78
1058.2
1058.82
1059.12
1059.16
1060.03
1060.71
1060.78
1063.49
1065.04
1066.01
1066.27
1068.34
1068.97
1071.6
1071.77
1072.11
1072.14
1072.79
1073.27
1077.79
1077.94
1078.03
1078.31
1078.52
1078.93
1079.61
1080.22
1080.25
1082.05
1083.67
1083.87
1084.57
1085.2
1086.01
1086.33
1086.67
1086.9
1088.02
1088.31
1092.67
1092.74
1092.74
1093.4
1093.43
1094.21
1095.11
1095.41
1098.3
1098.63
1099.7
1100.37
1100.49
1102.22
1103.58
1103.88
1104.19
1104.68
1105.42
1105.66
1106.19
1107.17
1107.26
1109.05
1109.75
1113.67
1113.8
1113.83
1114.04
1114.99
1116.92
1117.11
1117.19
1118.02
1118.65
1118.66
1119.76
1120.49
1122.29
1124.93
1125.46
1125.61
1125.95
1126.28
1126.32
1126.91
1127.94
1129.31
1129.55
1129.88
1132.01
1132.02
1132.9
1136.55
1136.71
1136.85
1138.64
1140.43
1141.03
1141.9
1143.31
1147.53
1149.92
1150.03
1150.61
1150.78
1152.27
1152.73
1155.57
1156.3
1156.52
1156.86
1156.86
1157.18
1157.6
1158.72
1158.72
1159.38
1161.82
1162.12
1162.44
1164.12
1164.5
1164.83
1165.02
1165.54
1166.77
1166.92
1167.87
1168.86
1170.14
1170.55
1171.32
1171.84
1171.92
1172.17
1172.34
1173.21
1174.1
1175.44
1177.47
1177.63
1178.07
1178.36
1178.71
1178.91
1179.03
1180.71
1181.59
1181.66
1183.64
1185.38
1188.08
1188.14
1188.25
1188.45
1192.36
1193.51
1193.78
1194.85
1196.03
1197.52
1200.38
1200.62
1202.07
1202.15
1203.49
1204.54
1204.76
1205.32
1206.4
1207.21
1208.66
1209.76
1209.76
1209.87
1210.04
1210.4
1211.09
1211.77
1212.28
1213.8
1215.26
1215.4
1218.54
1219.01
1221.9
1224.03
1224.83
1225.91
1226.81
1226.86
1226.98
1227.03
1228.09
1228.4
1228.82
1232.41
1232.73
1232.76
1233.29
1235.86
1235.95
1236.74
1237.09
1238.09
1238.57
1239.58
1240.12
1240.42
1241.14
1242.1
1242.94
1243.11
1244.7
1245.84
1250.22
1251.44
1252.67
1252.91
1253.06
1254.77
1256.58
1257.98
1259.25
1259.27
1259.77
1260.3
1260.39
1264.01
1264.94
1264.95
1265.12
1265.49
1269.16
1269.64
1270.17
1271.85
1273.78
1274.75
1276.83
1277.13
1279.44
1280.48
1280.54
1281.42
1285.57
1286.18
1286.65
1288.94
1291.48
1292.45
1293.04
1293.29
1295.58
1296.89
1298.35
1299.03
1300.29
1301.26
1304.0
1304.48
1304.65
1304.88
1309.25
1309.39
1309.68
1310.85
1314.7
1316.66
1318.05
1318.09
1319.23
1320.05
1320.86
1323.15
1324.0
1324.11
1326.3
1333.45
1334.88
1334.89
1336.52
1336.95
1337.07
1338.4
1338.73
1339.14
1339.58
1340.21
1340.62
1341.67
1342.28
1343.29
1344.07
1344.61
1345.04
1345.04
1346.1
1347.78
1348.15
1348.23
1348.56
1349.57
1350.54
1351.15
1351.29
1355.25
1355.45
1355.77
1357.2
1357.99
1358.46
1358.82
1359.22
1360.14
1364.34
1364.57
1365.38
1367.39
1368.34
1368.36
1369.96
1370.21
1370.68
1370.69
1371.61
1372.4
1373.94
1373.99
1375.33
1376.0
1377.41
1378.98
1381.73
1382.73
1384.36
1384.4
1384.54
1385.54
1385.85
1386.2
1386.27
1386.82
1386.88
1387.08
1389.3
1389.97
1390.32
1390.82
1391.53
1392.62
1392.62
1393.82
1395.21
1405.4
1405.53
1406.46
1406.64
1406.85
1407.14
1409.04
1409.87
1410.92
1411.14
1414.22
1414.3
1414.42
1414.63
1416.08
1416.25
1417.84
1418.5
1418.92
1421.01
1421.57
1421.98
1423.38
1424.11
1425.25
1427.27
1427.7
1428.1
1428.32
1428.6
1429.82
1430.61
1431.21
1433.41
1433.93
1435.68
1437.02
1437.4
1437.65
1440.19
1441.28
1442.77
1445.28
1445.68
1446.32
1446.57
1446.74
1449.29
1450.66
1450.83
1451.28
1452.33
1453.29
1453.38
1454.42
1454.71
1455.27
1455.53
1456.37
1456.52
1456.76
1456.77
1456.95
1457.22
1457.4
1457.99
1458.38
1459.13
1462.66
1462.9
1463.05
1464.0
1464.04
1464.21
1467.84
1468.33
1468.61
1470.5
1473.78
1474.57
1474.7
1474.77
1476.06
1477.22
1478.03
1478.6
1478.85
1482.48
1483.55
1484.14
1485.72
1489.38
1490.53
1491.36
1494.59
1495.28
1496.0
1496.21
1496.33
1497.67
1498.35
1499.93
1503.23
1503.23
1504.04
1504.8
1504.82
1505.85
1506.22
1506.55
1508.02
1508.4
1509.48
1509.49
1510.33
1510.76
1511.2
1513.23
1515.48
1517.59
1518.28
1518.63
1518.76
1519.07
1520.03
1521.7
1522.08
1522.22
1524.41
1524.49
1524.62
1525.1
1528.5
1530.76
1532.73
1533.16
1534.87
1534.92
1535.15
1535.15
1535.25
1535.31
1536.83
1537.81
1538.68
1539.82
1540.14
1540.63
1540.68
1542.26
1542.79
1543.87
1546.84
1547.36
1548.14
1548.36
1548.41
1548.88
1549.71
1549.75
1550.33
1550.35
1550.75
1552.03
1554.34
1554.66
1555.21
1557.33
1557.85
1558.33
1558.34
1558.48
1560.19
1562.08
1563.18
1563.75
1565.95
1566.55
1567.23
1570.62
1571.37
1571.66
1572.7
1572.99
1573.56
1573.84
1575.68
1576.0
1576.91
1577.16
1580.98
1581.92
1582.69
1584.48
1584.55
1584.62
1584.99
1586.07
1586.36
1586.69
1586.88
1590.45
1590.78
1590.8
1590.9
1592.27
1592.64
1593.52
1593.73
1594.3
1594.45
1595.81
1596.81
1596.9
1597.28
1599.95
1600.15
1600.28
1600.44
1601.7
1603.24
1605.17
1605.28
1606.09
1608.44
1608.53
1610.24
1612.19
1612.58
1612.96
1613.6
1613.98
1614.2
1614.48
1615.52
1619.3
1619.99
1620.32
1621.36
1624.43
1625.54
1625.68
1625.91
1628.74
1628.78
1630.08
1631.0
1632.12
1633.13
1633.34
1634.17
1634.19
1634.32
1634.37
1634.51
1636.1
1637.33
1638.66
1640.46
1641.33
1642.78
1642.98
1643.13
1644.08
1645.99
1646.37
1649.79
1651.84
1652.49
1653.63
1654.24
1654.25
1654.81
1657.76
1658.09
1658.32
1659.79
1659.8
1659.83
1659.89
1659.99
1661.37
1661.48
1663.15
1663.52
1664.52
1664.52
1664.57
1664.93
1666.16
1666.65
1667.61
1667.96
1668.05
1670.45
1670.53
1671.35
1673.23
1673.47
1673.87
1676.22
1676.51
1676.61
1680.55
1680.76
1681.3
1685.26
1685.76
1685.77
1687.19
1687.34
1688.31
1688.45
1688.72
1689.35
1690.44
1693.28
1693.9
1693.98
1694.79
1697.34
1697.84
1698.5
1699.85
1700.83
1701.39
1701.43
1702.69
1703.95
1705.26
1706.25
1706.87
1706.9
1708.5
1708.81
1709.29
1709.59
1709.77
1709.99
1710.06
1710.34
1710.91
1712.39
1713.49
1713.5
1714.78
1715.02
1719.27
1719.41
1720.02
1721.92
1722.16
1722.51
1722.89
1723.64
1724.43
1724.52
1726.91
1730.14
1732.23
1733.08
1733.4
1735.31
1736.29
1736.69
1736.86
1738.36
1740.34
1741.19
1742.47
1743.6
1745.33
1746.18
1748.12
1750.71
1750.91
1751.73
1753.54
1755.31
1756.45
1757.23
1757.26
1757.87
1758.59
1764.24
1765.48
1765.65
1767.32
1767.92
1768.1
1768.45
1769.45
1769.93
1770.29
1770.67
1772.78
1773.05
1774.29
1774.32
1775.06
1775.87
1776.5
1776.94
1779.55
1781.29
1781.78
1783.28
1783.86
1784.76
1789.31
1789.47
1792.63
1793.09
1793.83
1794.18
1795.34
1796.57
1797.07
1797.24
1799.89
1800.59
1800.6
1801.84
1802.81
1803.37
1806.61
1807.66
1808.74
1814.48
1816.77
1817.14
1817.65
1817.97
1818.92
1819.8
1821.09
1821.82
1822.28
1822.65
1823.59
1823.67
1825.13
1829.73
1829.96
1831.02
1832.7
1832.78
1832.87
1834.0
1835.14
1835.4
1835.56
1837.67
1838.9
1839.15
1840.24
1841.27
1841.81
1842.45
1843.18
1843.65
1843.84
1844.96
1845.16
1847.59
1847.96
1849.42
1849.56
1849.59
1854.05
1855.53
1856.21
1856.82
1857.06
1858.47
1859.22
1861.49
1861.57
1864.52
1865.2
1865.55
1865.61
1865.65
1866.42
1867.64
1867.88
1868.52
1868.84
1871.1
1871.18
1871.66
1872.14
1876.01
1880.23
1880.49
1881.32
1883.83
1886.25
1886.94
1887.09
1888.39
1888.49
1889.97
1890.7
1896.46
1897.21
1899.3
1899.53
1899.62
1900.18
1900.63
1901.74
1903.51
1903.7
1905.17
1906.87
1907.54
1907.59
1908.03
1910.14
1910.8
1911.51
1914.11
1914.46
1915.7
1916.46
1916.77
1916.97
1917.04
1920.48
1921.08
1926.11
1928.15
1928.52
1930.32
1930.37
1930.57
1930.79
1931.33
1932.26
1934.75
1935.72
1936.19
1936.26
1936.5
1937.36
1937.57
1939.42
1940.46
1940.66
1941.44
1941.8
1942.06
1942.31
1942.43
1944.16
1944.32
1945.26
1947.77
1951.23
1952.65
1953.11
1953.37
1953.67
1953.9
1954.23
1954.71
1955.57
1960.23
1961.97
1961.97
1962.44
1962.96
1963.02
1964.49
1964.82
1964.84
1965.0
1965.15
1966.32
1966.43
1967.66
1967.72
1967.87
1968.13
1968.58
1968.6
1968.86
1971.15
1971.55
1971.6
1971.98
1974.3
1974.45
1975.76
1975.77
1976.12
1980.25
1981.02
1981.07
1982.6
1983.57
1983.91
1987.32
1989.14
1989.69
1993.79
1993.9
1995.0
1995.18
1995.58
1999.96
2000.08
2000.97
2000.99
2002.97
2005.29
2006.11
2006.37
2008.5
2010.12
2010.31
2010.49
2010.84
2010.94
2012.29
2013.07
2013.22
2013.69
2014.23
2014.45
2015.06
2015.21
2016.02
2016.03
2017.74
2018.55
2020.23
2020.47
2021.28
2022.15
2022.48
2023.09
2023.16
2025.63
2027.51
2029.89
2030.53
2030.68
2032.2
2032.29
2032.32
2032.42
2032.98
2034.48
2035.44
2037.9
2038.9
2039.4
2039.9
2040.4
2043.42
2043.57
2043.6
2045.44
2045.52
2046.51
2046.75
2046.76
2048.6
2052.24
2053.72
2054.11
2054.16
2054.62
2054.74
2055.14
2055.22
2055.41
2055.44
2055.99
2056.9
2060.06
2061.79
2062.06
2063.55
2064.0
2065.51
2065.6
2066.06
2068.61
2069.91
2071.76
2071.76
2072.32
2072.7
2073.15
2073.77
2074.98
2074.99
2075.35
2075.36
2075.37
2075.6
2077.05
2077.07
2077.6
2077.95
2078.89
2080.88
2082.07
2082.25
2085.61
2087.45
2090.95
2092.01
2092.05
2092.21
2092.75
2094.03
2094.96
2096.5
2096.54
2097.21
2098.09
2098.66
2099.77
2099.87
2102.72
2103.88
2104.26
2104.64
2104.89
2106.84
2107.34
2107.89
2109.89
2112.04
2113.88
2114.85
2115.42
2115.67
2116.15
2116.75
2116.99
2119.47
2121.29
2122.83
2123.91
2129.48
2130.4
2130.8
2131.33
2133.3
2133.95
2135.7
2136.41
2138.32
2138.48
2139.7
2140.19
2141.27
2141.6
2144.0
2144.06
2144.11
2147.27
2147.82
2148.43
2149.58
2152.5
2153.86
2155.66
2157.09
2159.83
2160.75
2161.49
2161.86
2163.76
2165.27
2166.31
2166.77
2167.55
2169.98
2171.05
2172.85
2173.25
2173.66
2174.39
2175.27
2178.0
2178.78
2179.5
2179.8
2181.09
2181.34
2182.12
2182.69
2182.96
2186.61
2186.79
2192.15
2193.48
2193.87
2194.54
2194.69
2195.71
2196.23
2197.95
2201.34
2201.69
2202.76
2202.89
2203.18
2203.28
2203.51
2205.34
2206.04
2208.37
2211.26
2213.98
2216.01
2216.25
2217.21
2217.7
2218.07
2219.16
2221.09
2221.1
2222.01
2224.89
2225.82
2226.34
2227.1
2228.1
2232.09
2234.02
2234.43
2234.48
2235.52
2237.33
2237.95
2241.19
2242.29
2243.32
2243.9
2245.15
2246.54
2247.37
2247.5
2248.05
2249.71
2250.07
2251.39
2253.99
2254.43
2255.58
2256.02
2256.25
2258.11
2259.01
2261.85
2262.17
2262.26
2262.77
2263.16
2263.56
2263.89
2264.52
2265.4
2265.74
2265.97
2266.54
2267.17
2268.42
2269.05
2269.16
2269.39
2273.73
2274.69
2276.55
2277.15
2277.21
2279.28
2279.3
2280.05
2281.45
2282.35
2284.21
2285.13
2285.24
2287.99
2288.34
2290.01
2292.22
2292.55
2294.1
2295.27
2297.38
2297.5
2298.98
2299.09
2299.2
2299.73
2301.32
2302.19
2302.88
2302.93
2303.63
2303.83
2303.86
2304.58
2304.59
2307.86
2309.27
2310.93
2311.01
2311.96
2312.59
2313.65
2314.2
2321.19
2321.49
2321.51
2322.27
2323.24
2323.89
2325.34
2326.54
2326.85
2327.63
2332.99
2335.12
2339.48
2340.27
2342.51
2344.06
2344.66
2344.67
2345.15
2345.97
2346.95
2348.36
2349.06
2349.66
2350.72
2352.35
2353.07
2354.06
2355.6
2359.5
2360.25
2360.97
2361.18
2361.24
2361.98
2362.69
2362.8
2363.37
2363.68
2366.32
2368.34
2370.16
2371.34
2372.54
2373.2
2374.0
2374.32
2374.51
2375.97
2376.21
2377.71
2377.88
2378.21
2379.17
2379.31
2380.71
2381.1
2381.36
2381.5
2382.68
2382.7
2383.72
2383.82
2385.26
2385.71
2386.18
2386.92
2390.32
2392.0
2392.74
2395.71
2397.95
2399.36
2399.84
2401.59
2402.85
2403.86
2404.09
2404.69
2405.18
2406.93
2407.41
2408.66
2409.28
2409.61
2410.33
2411.65
2412.04
2412.27
2413.11
2413.68
2416.19
2416.48
2416.87
2417.98
2418.24
2419.27
2419.68
2420.43
2420.84
2421.63
2421.76
2423.77
2423.98
2425.37
2425.46
2427.04
2428.71
2428.86
2429.12
2429.63
2429.92
2430.46
2430.87
2432.16
2432.46
2433.84
2434.47
2435.21
2435.33
2435.76
2436.14
2436.33
2437.71
2438.21
2439.56
2440.13
2440.27
2444.9
2445.59
2445.75
2446.08
2447.03
2449.11
2449.47
2453.81
2455.15
2455.35
2457.68
2457.88
2458.08
2458.15
2458.55
2459.69
2459.71
2460.51
2461.7
2463.58
2463.79
2464.36
2468.42
2470.33
2470.88
2471.18
2471.32
2473.82
2474.14
2476.02
2476.42
2476.59
2476.76
2477.12
2477.31
2477.5
2478.5
2483.3
2483.95
2486.44
2486.99
2487.84
2487.91
2488.21
2488.67
2488.77
2489.81
2492.11
2493.59
2494.5
2495.54
2498.0
2498.14
2500.33
2500.78
2502.22
2504.94
2505.55
2506.84
2507.37
2507.6
2508.86
2511.92
2511.94
2513.07
2513.55
2513.9
2513.96
2516.13
2517.74
2517.89
2518.24
2518.87
2519.36
2522.49
2524.42
2526.46
2528.15
2528.67
2530.25
2534.14
2534.49
2535.31
2536.49
2540.61
2540.78
2541.08
2543.34
2543.55
2544.18
2544.91
2546.63
2547.04
2547.75
2548.47
2548.73
2549.05
2549.17
2549.72
2550.23
2553.92
2557.09
2558.47
2560.06
2560.15
2561.32
2561.96
2562.83
2563.69
2564.12
2567.71
2569.38
2569.71
2569.84
2571.49
2572.68
2573.48
2574.8
2575.16
2575.28
2575.7
2577.23
2578.05
2579.65
2583.17
2584.03
2584.46
2585.18
2585.42
2586.48
2586.67
2587.13
2588.37
2589.8
2598.49
2598.66
2599.33
2600.15
2601.11
2603.01
2604.62
2606.12
2606.39
2608.57
2609.99
2610.19
2610.59
2612.17
2616.3
2617.34
2620.98
2624.97
2625.03
2626.05
2626.89
2630.42
2631.96
2631.98
2633.51
2639.84
2640.62
2642.17
2647.17
2647.57
2647.67
2648.99
2649.55
2651.48
2651.83
2652.46
2652.57
2654.37
2655.95
2655.99
2659.63
2659.96
2660.1
2661.73
2661.91
2662.97
2663.29
2663.98
2664.09
2667.28
2668.43
2669.05
2669.4
2670.7
2672.24
2672.33
2672.44
2675.33
2677.6
2678.22
2679.02
2680.14
2681.42
2683.49
2683.63
2684.47
2684.96
2686.14
2686.37
2687.87
2688.32
2690.75
2691.47
2691.85
2692.17
2694.23
2694.29
2695.29
2695.44
2697.82
2698.52
2698.88
2699.26
2699.64
2702.43
2705.31
2708.56
2708.95
2710.04
2710.73
2711.02
2711.52
2714.48
2715.14
2718.36
2718.61
2721.61
2721.73
2723.02
2723.16
2723.26
2724.57
2726.48
2727.16
2728.37
2730.41
2730.98
2732.97
2733.66
2735.3
2737.34
2737.53
2739.98
2741.9
2742.05
2742.11
2744.1
2744.71
2745.34
2746.88
2748.44
2750.57
2751.36
2751.64
2752.7
2753.02
2754.88
2755.47
2757.26
2758.01
2758.95
2759.82
2760.17
2760.68
2761.14
2761.17
2761.39
2764.86
2765.32
2765.55
2765.64
2765.71
2766.28
2767.12
2767.9
2767.95
2768.99
2769.69
2770.63
2770.88
2770.91
2771.43
2771.91
2772.45
2773.06
2774.5
2775.09
2775.53
2777.49
2777.77
2780.75
2780.77
2781.43
2781.57
2781.72
2781.96
2785.17
2785.18
2785.99
2786.32
2787.29
2788.7
2794.65
2799.73
2800.13
2800.33
2802.81
2803.49
2804.09
2805.58
2805.7
2806.34
2809.29
2811.6
2812.07
2812.23
2816.62
2817.64
2818.55
2820.4
2821.16
2821.56
2822.43
2823.41
2826.65
2827.24
2827.9
2830.74
2833.12
2834.59
2834.9
2839.34
2839.72
2840.3
2842.84
2844.26
2845.33
2847.21
2847.81
2851.34
2854.36
2856.96
2857.08
2857.16
2857.79
2858.07
2859.68
2860.04
2860.3
2860.74
2860.86
2861.29
2861.44
2862.19
2864.62
2865.09
2865.64
2866.23
2867.97
2869.33
2870.1
2871.87
2873.07
2873.54
2874.44
2875.03
2876.58
2877.44
2878.76
2878.93
2878.93
2879.61
2880.12
2880.76
2880.97
2881.04
2882.37
2883.14
2884.8
2884.91
2886.55
2886.65
2887.96
2888.02
2889.01
2889.03
2889.51
2891.48
2891.98
2892.3
2893.15
2893.52
2894.98
2895.0
2895.4
2897.5
2901.23
2902.08
2902.43
2902.74
2904.71
2905.23
2906.97
2907.3
2907.32
2907.62
2907.76
2907.78
2909.1
2910.55
2910.66
2911.47
2911.59
2912.5
2913.41
2917.9
2920.35
2920.77
2920.91
2921.34
2921.4
2922.02
2923.07
2923.83
2923.96
2924.14
2927.12
2929.57
2930.03
2930.3
2931.3
2931.88
2934.15
2935.01
2935.34
2935.86
2936.34
2937.55
2938.87
2941.49
2942.7
2943.02
2944.58
2945.63
2945.7
2946.2
2946.4
2946.45
2947.34
2947.54
2950.24
2950.6
2951.32
2954.56
2956.25
2956.28
2957.48
2959.32
2960.11
2960.22
2960.67
2962.34
2962.81
2962.93
2963.89
2964.01
2964.47
2965.69
2966.2
2966.95
2967.96
2968.46
2968.99
2970.12
2970.72
2971.83
2971.9
2972.78
2973.72
2973.72
2975.85
2977.22
2978.46
2979.88
2980.21
2981.06
2983.59
2985.11
2985.31
2987.91
2989.29
2991.57
2993.45
2994.92
2995.11
2995.15
2996.32
2997.15
2997.85
2999.04
2999.67
3000.35
3001.56
3002.11
3003.07
3003.15
3004.56
3005.83
3005.99
3006.34
3007.04
3007.71
3007.81
3008.62
3010.12
3010.45
3010.5
3010.89
3011.01
3011.26
3013.29
3014.15
3014.62
3015.61
3015.83
3015.83
3015.98
3020.12
3020.61
3022.21
3023.48
3024.42
3026.06
3026.64
3029.2
3030.33
3030.75
3031.8
3031.85
3032.36
3032.81
3032.98
3033.04
3037.81
3039.7
3040.88
3041.07
3044.04
3044.21
3044.94
3052.58
3052.68
3053.05
3053.05
3053.51
3054.16
3055.86
3056.36
3060.13
3060.17
3060.48
3064.7
3064.95
3067.81
3070.9
3071.19
3073.78
3075.31
3075.54
3076.0
3077.07
3077.31
3077.5
3077.81
3077.88
3081.57
3082.79
3085.21
3086.36
3088.71
3090.8
3092.29
3094.81
3094.81
3094.83
3094.86
3095.05
3095.41
3097.86
3100.5
3101.24
3101.43
3102.47
3102.7
3103.63
3105.87
3107.13
3107.82
3109.27
3109.95
3110.34
3111.87
3111.88
3112.48
3113.32
3113.95
3116.35
3117.81
3117.92
3119.18
3119.79
3120.02
3122.21
3122.28
3122.52
3124.76
3125.16
3126.54
3126.76
3126.78
3127.65
3128.41
3130.06
3130.14
3130.6
3132.11
3132.43
3134.47
3134.89
3135.76
3137.13
3137.56
3138.38
3138.59
3138.85
3138.95
3139.05
3139.58
3141.04
3141.47
3141.64
3142.31
3142.49
3144.55
3144.61
3144.68
3147.15
3147.52
3147.61
3150.65
3151.31
3151.42
3151.75
3154.97
3155.37
3158.49
3158.96
3159.15
3159.56
3160.06
3162.27
3163.27
3163.92
3164.1
3164.11
3164.4
3164.85
3164.89
3165.77
3166.45
3166.61
3167.67
3169.26
3169.46
3169.72
3169.88
3171.14
3172.15
3172.97
3173.13
3174.28
3174.58
3177.29
3177.42
3177.67
3180.47
3182.15
3183.63
3183.91
3186.18
3187.21
3187.46
3187.89
3188.52
3188.98
3190.58
3193.47
3193.61
3196.17
3196.34
3196.62
3197.0
3197.36
3199.41
3200.58
3200.91
3202.24
3202.41
3204.14
3204.91
3207.73
3208.73
3209.34
3210.23
3211.46
3211.93
3212.35
3212.39
3212.41
3213.78
3214.23
3214.44
3216.02
3216.33
3219.05
3219.23
3220.08
3220.87
3222.05
3222.85
3223.91
3225.28
3226.38
3226.54
3228.69
3229.56
3230.69
3236.95
3237.28
3237.42
3237.68
3237.86
3239.36
3239.57
3240.43
3241.99
3242.55
3243.08
3244.16
3246.32
3246.51
3246.98
3247.75
3247.76
3248.74
3249.0
3249.41
3251.02
3251.17
3251.4
3251.69
3255.36
3256.24
3257.56
3257.82
3259.26
3260.11
3260.18
3260.52
3261.31
3263.39
3263.64
3263.78
3265.58
3266.01
3266.29
3268.7
3269.36
3269.45
3273.27
3273.92
3274.4
3274.49
3274.62
3276.18
3276.23
3276.74
3278.43
3278.71
3281.27
3284.91
3285.99
3286.49
3288.93
3289.02
3292.2
3293.04
3293.28
3293.74
3295.07
3296.46
3297.14
3300.14
3300.74
3301.89
3302.32
3305.82
3306.74
3307.18
3307.5
3308.59
3309.76
3311.68
3311.96
3313.06
3315.53
3316.55
3317.41
3319.61
3321.58
3321.95
3322.07
3323.36
3324.17
3324.76
3328.55
3332.19
3335.65
3336.88
3341.02
3341.9
3343.19
3344.79
3346.45
3346.74
3348.68
3349.78
3349.95
3350.3
3350.64
3351.22
3352.58
3352.66
3353.49
3354.11
3354.65
3356.31
3356.47
3358.62
3361.13
3361.65
3361.71
3362.1
3364.66
3365.89
3366.69
3367.9
3369.65
3369.68
3372.99
3373.21
3373.31
3373.58
3374.2
3377.37
3378.25
3378.36
3378.38
3378.42
3379.54
3379.72
3380.02
3380.97
3382.2
3382.54
3382.67
3384.7
3385.27
3385.66
3387.53
3387.62
3388.75
3390.91
3391.48
3392.37
3392.91
3393.35
3394.86
3395.82
3397.82
3398.16
3398.54
3399.34
3400.43
3401.67
3404.64
3404.82
3406.28
3406.46
3406.88
3407.14
3409.93
3411.18
3413.03
3413.11
3413.5
3415.74
3416.86
3417.77
3418.38
3418.6
3418.63
3419.65
3420.54
3421.54
3423.14
3424.14
3424.39
3424.68
3425.21
3425.73
3425.83
3427.79
3428.03
3428.36
3428.73
3429.59
3430.04
3431.21
3433.28
3433.66
3434.22
3434.27
3434.84
3435.1
3436.47
3437.78
3439.26
3440.66
3440.87
3446.09
3446.66
3450.16
3453.12
3453.39
3454.44
3457.56
3458.5
3459.19
3459.39
3459.42
3461.71
3462.5
3464.29
3466.78
3467.5
3467.68
3468.48
3469.67
3470.13
3470.56
3472.25
3473.64
3475.32
3477.14
3477.8
3477.97
3478.38
3479.07
3480.17
3482.2
3482.33
3482.47
3487.08
3487.32
3487.67
3487.84
3488.17
3488.58
3488.64
3490.21
3492.46
3492.56
3492.81
3493.57
3493.69
3494.28
3495.92
3496.1
3496.27
3496.39
3499.12
3499.52
3501.21
3504.15
3504.35
3505.52
3506.24
3506.82
3506.98
3507.53
3508.83
3510.62
3510.66
3513.24
3513.34
3514.13
3514.36
3515.42
3516.93
3518.93
3521.48
3524.36
3524.87
3524.87
3525.12
3525.64
3530.42
3530.99
3532.2
3533.32
3534.45
3534.5
3536.34
3537.16
3537.22
3537.31
3538.22
3538.86
3538.98
3539.03
3539.67
3539.78
3541.68
3542.71
3543.59
3544.07
3544.22
3544.46
3545.11
3545.38
3545.82
3547.29
3547.67
3548.59
3548.93
3550.73
3551.1
3551.23
3551.45
3551.87
3552.47
3552.53
3554.5
3554.81
3554.95
3554.98
3555.14
3556.34
3557.34
3557.97
3558.34
3559.41
3559.94
3560.37
3561.67
3562.17
3562.67
3562.92
3563.24
3564.0
3564.89
3565.9
3566.68
3566.71
3567.0
3568.04
3568.9
3569.87
3572.28
3575.75
3575.93
3577.23
3578.33
3580.41
3580.52
3582.12
3582.39
3582.43
3584.79
3584.8
3584.81
3586.01
3586.63
3586.66
3589.91
3591.32
3592.54
3592.76
3594.42
3594.59
3595.21
3597.01
3597.04
3597.73
3597.89
3600.85
3601.25
3601.37
3604.15
3605.11
3605.49
3605.86
3606.34
3606.47
3607.51
3607.51
3607.54
3607.63
3608.22
3608.85
3609.78
3611.0
3611.46
3611.62
3612.75
3614.98
3619.5
3619.68
3621.12
3621.52
3624.08
3624.85
3625.38
3628.38
3629.66
3630.63
3631.25
3631.46
3632.51
3633.16
3634.5
3635.53
3636.22
3636.62
3639.41
3639.56
3640.5
3641.02
3641.71
3641.76
3642.52
3644.58
3645.92
3646.18
3647.32
3649.26
3649.34
3649.83
3650.61
3651.52
3652.34
3653.19
3653.25
3653.9
3656.07
3658.48
3659.05
3661.15
3664.2
3664.29
3665.06
3665.34
3665.47
3665.59
3666.17
3666.18
3666.93
3667.18
3667.2
3669.15
3669.57
3670.38
3671.55
3672.16
3672.35
3673.8
3674.28
3675.7
3675.92
3676.8
3677.28
3677.93
3679.31
3679.32
3680.16
3681.07
3684.46
3684.88
3685.47
3685.67
3686.59
3686.83
3687.38
3688.89
3689.67
3691.51
3692.29
3693.31
3695.28
3695.93
3696.32
3696.65
3697.91
3698.31
3699.09
3700.25
3700.7
3700.7
3704.06
3707.24
3707.63
3708.47
3708.63
3708.87
3708.96
3711.33
3711.34
3711.9
3713.41
3714.39
3715.58
3716.81
3718.39
3718.5
3718.51
3718.88
3719.28
3719.4
3719.81
3719.91
3723.44
3723.48
3727.09
3727.78
3728.77
3729.38
3730.03
3731.21
3731.86
3731.89
3732.11
3732.31
3732.32
3732.36
3734.36
3735.96
3736.31
3736.72
3736.84
3737.58
3737.89
3743.12
3743.55
3743.79
3744.08
3744.62
3745.85
3746.01
3746.62
3749.48
3750.09
3750.31
3750.48
3751.67
3751.92
3752.32
3752.46
3752.5
3752.73
3753.49
3755.71
3756.34
3756.59
3757.22
3757.48
3760.18
3761.08
3761.85
3762.14
3762.32
3763.18
3763.25
3763.4
3763.66
3763.84
3764.77
3765.47
3766.54
3768.28
3769.18
3769.34
3771.49
3772.27
3772.32
3773.63
3774.1
3775.02
3776.03
3776.24
3776.58
3776.63
3776.94
3776.99
3778.55
3779.41
3782.53
3783.31
3784.38
3784.98
3785.21
3786.02
3786.95
3789.86
3790.65
3791.27
3792.58
3794.31
3798.38
3800.22
3800.93
3801.87
3802.85
3803.0
3803.38
3803.84
3805.87
3805.94
3806.09
3806.9
3807.57
3808.88
3812.1
3813.2
3815.08
3817.32
3818.0
3818.83
3819.1
3819.37
3819.61
3820.49
3821.59
3823.73
3823.97
3824.48
3825.11
3826.55
3829.76
3830.44
3833.03
3833.85
3834.04
3834.99
3835.06
3836.48
3838.48
3839.67
3839.93
3840.63
3843.64
3844.14
3845.86
3847.32
3847.42
3847.86
3849.26
3850.99
3852.35
3853.87
3854.85
3855.29
3856.64
3858.43
3859.11
3859.68
3859.89
3862.31
3863.01
3865.33
3867.51
3868.55
3868.74
3868.83
3869.8
3872.17
3873.4
3873.85
3873.88
3874.84
3878.95
3878.98
3879.59
3879.98
3880.27
3880.9
3881.32
3883.71
3884.31
3884.79
3886.64
3887.4
3888.56
3888.75
3889.45
3889.69
3892.3
3893.64
3894.53
3896.87
3898.28
3898.42
3898.46
3900.34
3900.56
3901.73
3904.13
3904.79
3906.02
3907.93
3908.66
3908.72
3914.06
3914.22
3914.64
3914.69
3914.8
3915.85
3916.51
3918.47
3921.14
3922.18
3922.26
3924.19
3925.01
3925.7
3926.75
3927.71
3927.81
3930.33
3931.39
3932.17
3933.56
3936.78
3937.42
3938.45
3939.04
3939.27
3940.63
3941.96
3942.77
3944.99
3945.21
3946.2
3948.32
3948.74
3948.98
3949.95
3950.14
3950.44
3950.49
3951.62
3952.32
3952.38
3953.27
3953.92
3954.48
3955.33
3957.34
3958.08
3958.81
3961.29
3961.95
3964.21
3966.12
3967.0
3967.23
3967.85
3969.18
3977.67
3978.32
3979.62
3981.16
3981.41
3983.37
3983.58
3984.33
3984.76
3984.87
3987.1
3988.35
3990.85
3991.71
3991.81
3993.32
3994.83
3996.27
3996.29
3996.86
3997.57
3998.16
3999.57
3999.85
4003.28
4004.57
4004.6
4005.46
4005.58
4005.95
4006.63
4006.86
4006.88
4006.93
4009.42
4009.54
4012.18
4012.63
4014.37
4014.38
4014.42
4015.56
4015.6
4016.97
4017.05
4019.25
4020.23
4020.98
4021.41
4022.36
4022.59
4022.79
4023.1
4024.16
4026.52
4027.34
4027.6
4029.25
4031.13
4031.79
4032.61
4033.4
4035.8
4036.65
4036.98
4038.13
4039.89
4042.18
4042.87
4043.01
4043.04
4043.76
4044.89
4045.23
4046.13
4046.25
4048.21
4049.28
4049.65
4049.77
4050.34
4050.65
4051.23
4052.19
4052.75
4054.53
4054.61
4056.21
4058.45
4058.92
4059.12
4059.43
4059.74
4062.06
4065.45
4065.85
4071.61
4072.52
4072.63
4073.88
4074.57
4074.81
4074.88
4075.64
4076.8
4078.08
4079.82
4080.11
4083.46
4086.05
4086.67
4086.73
4086.94
4087.41
4087.48
4088.23
4088.64
4088.74
4089.55
4091.55
4091.61
4091.85
4093.68
4094.64
4096.75
4096.76
4096.87
4098.19
4100.87
4102.42
4103.0
4103.69
4104.94
4106.25
4108.26
4109.32
4111.45
4111.65
4111.89
4112.77
4114.27
4116.53
4117.59
4117.71
4117.78
4118.08
4120.83
4121.39
4122.92
4123.26
4124.12
4124.77
4126.43
4128.86
4129.61
4129.99
4130.39
4130.86
4131.23
4133.27
4133.37
4134.11
4134.44
4135.83
4137.19
4137.46
4137.59
4137.68
4139.64
4141.76
4143.74
4144.7
4145.42
4145.51
4146.06
4146.07
4147.91
4148.13
4150.02
4151.11
4152.49
4153.91
4155.43
4156.17
4156.72
4157.67
4158.39
4158.52
4158.97
4159.07
4159.26
4159.76
4160.38
4161.27
4162.4
4163.02
4165.33
4166.27
4170.54
4171.6
4171.8
4172.68
4174.79
4177.24
4177.36
4177.71
4178.07
4178.46
4178.98
4179.94
4182.38
4183.57
4183.74
4183.85
4186.77
4187.93
4188.0
4188.04
4188.3
4189.2
4189.33
4190.15
4193.51
4193.54
4194.11
4194.12
4194.76
4195.65
4196.48
4196.6
4197.5
4199.1
4199.75
4201.3
4202.26
4203.42
4203.6
4203.62
4203.78
4203.87
4204.1
4206.22
4207.08
4207.77
4209.0
4209.37
4211.61
4211.62
4213.64
4215.67
4215.92
4216.86
4218.13
4220.31
4220.93
4223.19
4225.23
4225.9
4226.46
4226.69
4227.39
4227.69
4227.74
4229.45
4229.61
4229.73
4229.85
4230.51
4230.93
4231.98
4232.35
4232.75
4233.37
4236.32
4238.17
4239.78
4240.65
4241.7
4242.43
4243.83
4244.28
4245.16
4250.67
4255.78
4255.82
4256.41
4256.54
4256.94
4257.32
4257.47
4257.99
4258.19
4260.26
4260.59
4260.75
4261.85
4264.97
4266.2
4266.44
4267.29
4268.2
4269.29
4269.33
4270.25
4271.05
4273.77
4274.35
4274.93
4277.12
4281.07
4283.98
4284.79
4285.56
4285.58
4286.07
4287.85
4288.03
4289.16
4291.99
4292.02
4292.79
4294.74
4298.58
4299.82
4300.59
4301.23
4301.76
4301.83
4302.02
4305.23
4305.29
4305.93
4309.43
4310.16
4310.77
4311.09
4311.8
4313.78
4314.0
4314.8
4314.97
4315.22
4317.42
4318.34
4321.64
4321.71
4321.96
4322.15
4322.17
4322.54
4325.34
4328.66
4329.03
4329.85
4331.36
4332.44
4333.44
4333.83
4335.07
4336.1
4336.27
4337.59
4337.92
4338.2
4338.38
4338.53
4338.98
4339.03
4339.09
4339.11
4341.57
4343.14
4344.81
4346.43
4347.03
4350.06
4350.42
4351.54
4353.22
4354.63
4355.1
4355.16
4356.76
4356.85
4357.11
4359.9
4360.35
4361.1
4362.29
4363.7
4366.25
4368.95
4370.0
4370.52
4371.02
4373.9
4375.09
4375.14
4377.31
4377.49
4377.98
4378.17
4378.23
4379.48
4379.92
4380.99
4381.35
4381.61
4381.72
4384.96
4385.82
4388.56
4389.31
4390.89
4391.72
4392.48
4393.16
4394.22
4394.38
4394.53
4395.12
4395.96
4396.23
4398.63
4399.6
4401.45
4401.68
4402.28
4403.33
4406.95
4407.96
4410.58
4411.0
4411.26
4412.34
4412.97
4413.88
4414.54
4415.16
4415.49
4415.69
4417.72
4417.86
4418.33
4418.65
4420.12
4420.35
4420.56
4422.35
4422.81
4423.6
4424.02
4425.24
4426.08
4426.28
4426.3
4426.3
4426.41
4429.17
4429.28
4429.78
4431.5
4431.79
4432.55
4432.78
4433.56
4434.82
4436.76
4437.15
4438.11
4438.19
4439.66
4439.78
4441.66
4442.43
4442.5
4443.93
4444.68
4447.52
4447.7
4448.81
4449.56
4449.9
4453.45
4454.01
4454.59
4457.14
4457.54
4458.38
4458.72
4459.1
4461.5
4462.46
4463.15
4463.82
4464.23
4466.09
4466.99
4470.71
4472.38
4473.13
4473.57
4475.49
4476.46
4476.71
4478.37
4479.69
4480.05
4482.08
4482.1
4482.45
4483.09
4484.27
4484.78
4485.25
4485.51
4485.79
4487.21
4488.25
4489.62
4490.07
4490.72
4490.9
4490.98
4492.02
4492.4
4498.24
4498.31
4498.55
4499.01
4499.55
4499.77
4500.42
4500.86
4500.96
4501.04
4501.33
4501.54
4501.64
4502.23
4502.75
4505.76
4510.61
4510.99
4512.39
4513.66
4513.72
4515.27
4516.59
4517.29
4519.17
4520.12
4520.45
4520.8
4520.81
4522.17
4522.75
4523.89
4524.42
4525.03
4526.05
4527.4
4527.68
4528.15
4529.06
4529.2
4529.83
4531.28
4533.87
4533.89
4534.29
4536.71
4537.36
4537.44
4537.81
4537.89
4538.89
4541.77
4541.91
4542.84
4544.55
4545.34
4545.43
4546.39
4549.72
4550.9
4551.5
4552.4
4554.91
4555.86
4561.35
4563.85
4565.77
4567.34
4567.65
4569.06
4571.53
4572.77
4579.12
4581.55
4583.38
4585.05
4585.12
4586.13
4587.66
4590.33
4593.5
4594.26
4596.71
4596.79
4598.98
4604.9
4605.82
4607.2
4607.68
4607.76
4607.94
4610.58
4610.75
4611.47
4612.09
4612.15
4615.47
4615.62
4615.92
4617.6
4617.64
4620.2
4620.45
4622.76
4623.35
4626.48
4627.99
4630.01
4632.34
4632.69
4633.65
4634.71
4637.39
4638.17
4641.69
4641.82
4642.67
4642.73
4642.88
4643.18
4644.66
4645.65
4646.31
4646.65
4648.29
4648.78
4649.67
4652.73
4653.91
4655.37
4656.0
4657.34
4659.08
4659.33
4659.59
4661.93
4662.85
4665.12
4666.73
4666.9
4666.98
4667.68
4667.95
4669.57
4670.71
4671.56
4672.51
4673.01
4673.53
4674.54
4674.68
4675.42
4675.92
4677.49
4678.47
4678.98
4679.03
4679.45
4679.73
4680.16
4680.69
4682.27
4683.96
4684.16
4685.21
4685.48
4686.81
4687.34
4687.64
4688.85
4690.52
4693.13
4695.08
4695.08
4696.65
4697.06
4699.5
4700.97
4701.15
4702.15
4702.53
4705.07
4706.5
4708.47
4709.12
4709.39
4709.97
4710.19
4711.67
4711.84
4712.56
4712.69
4712.88
4713.37
4714.05
4715.75
4716.19
4716.32
4717.82
4717.83
4718.91
4720.39
4720.64
4720.72
4721.86
4723.63
4725.66
4725.71
4727.01
4727.1
4727.75
4728.13
4730.43
4731.24
4732.5
4732.78
4734.1
4734.75
4735.64
4735.76
4736.29
4737.11
4737.57
4738.62
4743.02
4743.78
4744.42
4745.87
4746.12
4746.37
4746.67
4746.74
4747.01
4747.17
4747.35
4748.31
4749.07
4749.37
4749.89
4751.03
4751.27
4754.94
4755.02
4755.19
4755.23
4755.71
4755.92
4758.25
4758.39
4760.65
4760.98
4763.29
4766.16
4767.54
4768.23
4768.83
4769.73
4769.86
4770.8
4772.16
4772.25
4772.34
4772.87
4774.11
4775.59
4775.89
4776.11
4776.2
4777.17
4778.08
4780.41
4780.78
4781.18
4782.89
4783.25
4784.27
4785.97
4786.1
4787.89
4788.76
4789.1
4789.51
4791.06
4791.17
4792.21
4793.95
4794.93
4796.29
4798.84
4799.0
4800.23
4800.32
4800.82
4801.29
4801.4
4801.48
4801.81
4802.18
4802.46
4803.38
4804.77
4805.48
4807.8
4807.96
4808.36
4809.0
4810.29
4813.33
4813.72
4815.35
4818.06
4822.01
4822.71
4824.04
4824.27
4826.96
4829.45
4829.76
4831.29
4834.22
4834.38
4834.78
4836.32
4836.97
4837.27
4837.48
4838.0
4839.01
4842.4
4842.7
4842.89
4844.33
4845.07
4845.44
4846.16
4847.0
4849.83
4849.92
4853.74
4854.37
4854.98
4855.18
4855.64
4856.61
4856.99
4857.25
4858.36
4859.13
4859.79
4862.5
4863.5
4866.15
4867.19
4868.02
4869.67
4870.08
4870.35
4871.3
4872.4
4872.54
4873.36
4874.36
4874.73
4875.25
4875.75
4876.88
4879.6
4879.64
4880.21
4880.31
4882.71
4883.24
4883.4
4884.47
4884.83
4885.09
4885.45
4886.38
4887.2
4889.17
4891.57
4892.48
4893.0
4893.3
4896.02
4896.41
4896.91
4897.56
4897.63
4899.09
4899.83
4900.09
4901.39
4901.51
4903.15
4905.02
4906.1
4907.82
4908.05
4908.47
4908.7
4908.92
4910.99
4912.26
4912.45
4917.36
4918.29
4918.37
4921.21
4921.74
4923.85
4924.29
4926.27
4926.51
4929.78
4931.36
4931.43
4931.76
4931.83
4932.16
4932.36
4932.71
4932.82
4932.97
4935.59
4936.18
4936.46
4936.8
4936.83
4939.13
4939.43
4939.98
4940.18
4941.48
4943.5
4944.65
4944.81
4945.67
4947.06
4948.17
4948.45
4948.57
4949.62
4950.32
4951.78
4951.88
4952.03
4952.5
4954.84
4955.96
4956.39
4958.2
4960.69
4960.77
4961.63
4961.79
4963.39
4964.5
4964.52
4964.62
4966.14
4966.54
4967.04
4967.05
4967.11
4967.16
4967.59
4969.01
4969.16
4971.61
4972.88
4973.44
4974.67
4974.99
4975.58
4975.85
4976.97
4978.98
4982.61
4982.61
4986.27
4986.68
4987.07
4989.0
4989.04
4990.65
4991.26
4993.05
4993.7
4993.76
4994.09
4994.25
4995.04
4995.35
4996.1
4997.95
4999.72
5002.59
5003.54
5005.47
5005.81
5006.69
5006.73
5007.93
5010.8
5011.83
5013.45
5013.86
5013.92
5015.19
5015.68
5015.82
5016.86
5018.73
5022.36
5022.7
5024.76
5025.57
5026.11
5026.36
5026.75
5027.52
5027.65
5028.88
5029.31
5029.89
5030.44
5030.44
5030.47
5030.58
5031.95
5032.58
5033.53
5036.11
5036.55
5037.58
5043.97
5044.56
5045.02
5045.32
5045.53
5046.24
5046.41
5046.43
5046.72
5048.01
5051.31
5051.94
5052.66
5054.2
5054.44
5054.64
5054.81
5056.06
5056.36
5057.24
5058.87
5059.84
5062.83
5064.21
5064.94
5065.25
5066.38
5067.6
5068.36
5069.44
5071.75
5071.87
5072.27
5072.52
5072.54
5073.52
5075.25
5075.3
5078.29
5079.0
5079.0
5079.33
5080.95
5086.53
5087.6
5089.86
5090.29
5090.5
5090.99
5094.75
5094.97
5096.01
5096.59
5097.99
5098.28
5098.68
5098.76
5101.27
5102.82
5103.67
5104.14
5104.7
5104.86
5105.3
5107.11
5108.18
5108.37
5109.7
5109.85
5110.16
5110.95
5111.03
5112.86
5113.07
5113.74
5114.02
5114.26
5114.39
5114.68
5115.93
5115.95
5117.64
5118.53
5121.66
5124.0
5124.52
5125.62
5125.64
5125.7
5126.61
5127.74
5129.43
5129.76
5132.18
5132.69
5133.4
5133.48
5133.65
5134.42
5135.54
5136.3
5137.31
5138.06
5140.46
5142.07
5144.14
5144.83
5145.09
5145.51
5147.64
5147.85
5149.01
5149.7
5149.73
5151.83
5154.71
5157.13
5157.97
5158.88
5159.12
5159.12
5159.58
5159.66
5161.55
5163.23
5163.53
5163.64
5164.32
5164.94
5165.25
5165.69
5167.88
5167.93
5169.03
5170.15
5173.22
5174.57
5174.7
5175.53
5175.87
5176.3
5176.9
5177.0
5177.44
5177.55
5177.64
5177.65
5177.93
5178.07
5179.41
5179.71
5181.08
5181.46
5181.52
5182.75
5185.36
5185.58
5185.59
5187.21
5187.26
5187.5
5188.32
5188.89
5189.17
5189.81
5190.85
5191.06
5191.49
5191.58
5191.68
5193.08
5193.44
5195.27
5196.07
5196.1
5196.26
5197.26
5199.17
5200.19
5204.84
5204.93
5205.72
5206.27
5207.63
5207.66
5207.78
5209.24
5209.79
5210.6
5211.64
5213.44
5217.61
5219.09
5219.31
5219.53
5220.99
5221.15
5222.99
5223.05
5224.06
5224.59
5225.39
5225.52
5227.04
5227.34
5227.49
5229.81
5231.31
5232.68
5232.71
5234.4
5238.34
5239.37
5240.78
5250.07
5251.55
5252.04
5254.04
5256.58
5257.4
5257.69
5257.76
5257.99
5260.48
5260.73
5262.7
5262.7
5262.7
5263.08
5263.48
5265.15
5265.62
5265.66
5266.72
5268.59
5268.82
5270.36
5271.12
5272.98
5273.52
5275.13
5275.33
5275.35
5276.67
5277.23
5279.64
5281.74
5282.27
5284.85
5286.63
5287.41
5287.51
5288.25
5288.28
5289.34
5289.45
5290.8
5291.5
5294.88
5296.33
5296.88
5300.56
5300.61
5301.5
5301.67
5301.81
5302.87
5304.74
5305.41
5305.64
5305.75
5307.36
5307.39
5308.77
5308.95
5308.96
5310.15
5312.58
5313.09
5313.5
5314.09
5314.46
5316.06
5318.28
5318.85
5320.96
5321.45
5322.53
5323.05
5324.0
5325.37
5328.05
5328.34
5329.8
5332.02
5332.64
5335.75
5337.03
5337.08
5337.94
5338.04
5338.37
5338.85
5341.14
5341.23
5342.71
5343.09
5343.67
5345.05
5347.07
5347.12
5347.3
5348.11
5349.35
5349.43
5352.09
5352.36
5352.7
5353.26
5353.66
5353.9
5354.72
5355.11
5356.73
5357.12
5358.01
5359.59
5360.98
5361.52
5362.29
5362.79
5365.82
5366.16
5366.36
5366.37
5368.26
5368.36
5368.41
5370.15
5370.29
5370.73
5371.81
5372.62
5373.67
5373.96
5376.64
5379.74
5380.73
5380.75
5380.8
5382.58
5383.26
5383.26
5384.15
5384.89
5386.63
5387.91
5388.88
5389.22
5389.26
5391.69
5392.28
5393.64
5394.07
5394.58
5395.49
5396.18
5398.54
5399.24
5399.38
5400.32
5400.98
5401.17
5402.03
5402.25
5402.44
5402.66
5407.02
5407.88
5408.79
5408.99
5409.96
5410.56
5412.34
5413.08
5413.8
5415.07
5418.53
5420.92
5421.56
5421.89
5422.02
5422.96
5423.04
5423.4
5425.07
5426.32
5426.43
5426.56
5427.92
5428.7
5431.51
5432.13
5432.59
5433.74
5434.76
5436.56
5436.95
5437.93
5439.1
5439.88
5439.88
5440.73
5441.31
5442.22
5443.62
5444.2
5444.45
5446.96
5448.85
5449.85
5450.74
5452.89
5453.27
5454.5
5454.62
5454.77
5454.94
5455.93
5456.6
5456.61
5459.33
5461.86
5462.78
5462.91
5463.5
5465.4
5465.49
5465.55
5466.46
5466.6
5467.7
5467.9
5468.21
5470.17
5470.35
5470.83
5473.57
5474.85
5476.86
5477.15
5477.41
5477.85
5479.9
5480.17
5481.7
5482.36
5482.43
5484.51
5484.76
5486.08
5486.34
5487.4
5488.57
5489.71
5490.13
5490.75
5491.1
5491.34
5492.29
5492.93
5494.05
5496.65
5498.21
5499.01
5499.69
5499.75
5501.58
5502.2
5503.66
5505.12
5505.65
5506.9
5507.2
5507.42
5508.04
5508.25
5513.77
5514.94
5515.28
5515.71
5516.36
5517.49
5519.64
5520.2
5520.62
5521.14
5522.17
5522.45
5522.93
5523.43
5524.07
5524.85
5525.44
5526.02
5526.41
5527.03
5527.18
5528.44
5529.04
5529.8
5530.18
5530.42
5530.49
5531.01
5531.04
5531.79
5533.37
5533.65
5536.71
5537.32
5538.04
5538.92
5539.63
5540.67
5541.09
5542.36
5543.79
5544.04
5544.93
5545.61
5546.47
5547.52
5549.08
5549.19
5550.03
5550.63
5550.71
5550.84
5552.3
5553.2
5554.95
5557.85
5558.91
5559.25
5560.13
5566.65
5567.68
5567.96
5569.44
5571.12
5575.0
5576.08
5578.8
5579.15
5583.14
5583.52
5583.65
5583.65
5584.16
5584.79
5586.37
5586.81
5587.5
5587.61
5587.69
5590.59
5590.73
5592.31
5593.32
5593.73
5593.97
5594.44
5594.84
5595.07
5596.43
5596.83
5597.29
5598.31
5599.04
5600.89
5601.5
5601.93
5602.12
5602.77
5602.84
5604.39
5605.48
5605.81
5607.5
5607.6
5607.88
5609.48
5609.69
5610.26
5610.55
5611.24
5611.37
5613.62
5615.32
5615.58
5616.44
5618.85
5618.87
5620.22
5621.54
5625.03
5625.27
5625.69
5627.54
5627.96
5628.0
5628.77
5630.57
5632.96
5635.37
5638.17
5639.52
5639.79
5640.18
5641.15
5641.19
5641.59
5643.0
5644.14
5644.23
5644.46
5645.08
5647.54
5648.14
5649.96
5650.76
5651.88
5653.35
5655.09
5656.27
5656.55
5657.21
5662.63
5663.88
5666.85
5667.73
5668.28
5670.39
5670.75
5672.51
5672.83
5673.94
5674.1
5674.83
5676.41
5678.89
5679.14
5679.4
5679.62
5679.64
5680.53
5680.64
5680.66
5680.76
5681.41
5681.81
5681.9
5681.99
5683.24
5684.38
5684.59
5684.83
5687.08
5687.8
5688.41
5693.79
5695.96
5697.33
5697.9
5699.12
5699.42
5699.8
5700.45
5700.8
5701.48
5704.59
5704.62
5704.76
5705.56
5705.66
5706.09
5706.86
5707.3
5710.77
5712.14
5712.24
5713.21
5714.61
5715.92
5720.7
5723.74
5724.47
5725.19
5725.46
5726.7
5727.28
5727.92
5729.69
5732.8
5736.04
5736.78
5737.48
5738.47
5738.48
5738.82
5739.67
5739.86
5740.11
5741.27
5742.99
5743.16
5743.36
5744.17
5745.05
5745.69
5746.42
5746.58
5746.76
5747.67
5747.84
5748.03
5748.11
5750.1
5750.44
5750.62
5752.32
5752.63
5752.73
5753.61
5754.31
5754.64
5754.67
5755.49
5755.73
5755.99
5756.77
5757.2
5757.44
5758.97
5759.42
5760.2
5761.1
5761.23
5761.29
5761.46
5762.32
5763.33
5763.44
5763.9
5764.62
5765.31
5767.81
5767.82
5769.64
5771.72
5771.83
5772.88
5778.42
5783.0
5783.59
5785.25
5788.9
5788.97
5789.22
5789.32
5789.41
5791.02
5792.63
5793.37
5793.93
5796.56
5796.59
5796.65
5796.7
5796.82
5797.16
5797.41
5798.17
5800.66
5800.75
5801.05
5801.67
5801.73
5801.81
5803.24
5804.62
5806.16
5806.2
5806.81
5806.88
5807.7
5807.77
5808.88
5809.89
5810.5
5812.31
5812.97
5814.67
5815.69
5816.24
5816.41
5816.67
5817.09
5818.48
5819.22
5823.49
5824.53
5824.87
5832.97
5836.68
5836.94
5836.96
5838.22
5840.53
5842.02
5842.78
5842.79
5843.87
5845.15
5845.25
5845.37
5846.46
5847.08
5848.23
5850.02
5850.33
5851.75
5855.37
5856.11
5856.32
5857.17
5858.38
5860.52
5862.02
5862.78
5866.15
5869.08
5869.97
5870.61
5874.65
5874.83
5876.44
5876.5
5876.98
5877.71
5878.74
5879.7
5879.85
5883.67
5885.69
5886.33
5889.53
5889.93
5892.51
5893.65
5893.72
5894.06
5894.58
5894.78
5897.55
5898.86
5899.39
5899.81
5900.16
5902.04
5903.72
5903.77
5906.08
5906.5
5906.72
5908.84
5909.8
5909.86
5910.25
5912.9
5913.07
5913.15
5913.74
5913.92
5915.07
5915.36
5915.49
5915.57
5916.79
5919.21
5920.1
5921.08
5921.85
5922.2
5922.6
5924.92
5924.94
5925.35
5926.34
5926.44
5927.05
5927.21
5929.26
5929.52
5929.72
5930.26
5932.38
5934.37
5934.63
5935.43
5935.53
5936.08
5936.87
5937.29
5937.79
5939.2
5939.32
5940.08
5940.51
5941.79
5941.95
5946.43
5947.56
5947.7
5949.51
5950.85
5951.05
5952.15
5954.05
5954.88
5956.06
5956.89
5959.65
5959.94
5960.98
5963.2
5965.27
5965.91
5966.85
5967.0
5967.28
5967.81
5971.23
5972.08
5973.04
5973.09
5973.8
5975.44
5975.5
5976.99
5978.39
5978.6
5979.66
5980.35
5980.71
5981.19
5981.98
5983.01
5983.48
5984.47
5984.85
5985.8
5987.19
5987.94
5990.73
5990.78
5991.28
5991.63
5991.71
5991.95
5992.68
5993.12
5993.41
5994.7
5998.97
5999.14
6000.99
6001.04
6002.41
6004.38
6009.95
6010.2
6010.69
6010.75
6011.61
6014.28
6014.31
6015.01
6015.72
6016.31
6017.11
6017.54
6019.15
6020.14
6022.68
6023.9
6025.55
6028.45
6029.63
6029.79
6030.27
6031.61
6034.9
6035.31
6037.42
6039.19
6042.7
6044.77
6045.48
6049.06
6050.16
6051.25
6054.38
6055.58
6057.54
6057.71
6058.02
6058.1
6060.45
6060.88
6063.16
6064.32
6065.41
6065.56
6066.39
6068.75
6069.73
6070.52
6071.06
6073.45
6073.82
6078.03
6078.23
6078.92
6080.24
6080.7
6080.87
6081.33
6081.99
6082.26
6082.52
6082.57
6082.83
6082.96
6084.27
6084.28
6084.53
6085.5
6087.94
6088.42
6088.88
6089.21
6089.52
6089.54
6089.85
6090.6
6094.26
6095.04
6095.47
6095.58
6096.26
6096.41
6097.49
6097.52
6097.99
6098.5
6099.5
6099.67
6099.8
6101.15
6101.53
6102.01
6102.49
6105.93
6107.43
6107.73
6108.61
6111.53
6111.7
6111.77
6113.52
6113.54
6114.0
6114.05
6115.36
6116.78
6118.12
6119.8
6120.2
6121.94
6124.45
6125.13
6126.12
6128.39
6128.67
6131.56
6132.36
6133.13
6137.53
6138.03
6138.57
6139.64
6140.34
6141.22
6141.69
6143.81
6144.61
6145.15
6145.27
6146.37
6146.43
6146.46
6146.78
6147.12
6147.2
6147.93
6148.6
6153.37
6153.94
6156.03
6157.32
6157.77
6158.05
6158.11
6163.67
6164.37
6164.86
6164.87
6167.67
6168.31
6168.5
6168.97
6169.08
6169.12
6169.2
6171.31
6172.77
6174.13
6177.09
6177.29
6177.4
6178.4
6178.41
6178.43
6178.69
6178.78
6181.34
6181.98
6182.04
6183.48
6183.75
6185.01
6185.33
6187.0
6187.74
6188.21
6188.43
6189.09
6189.17
6190.29
6191.36
6191.42
6192.74
6192.9
6192.99
6193.96
6196.37
6196.71
6197.64
6197.75
6198.5
6200.12
6200.49
6200.97
6203.82
6204.67
6207.13
6207.64
6208.96
6210.05
6212.44
6212.47
6217.17
6217.25
6217.4
6218.04
6219.26
6219.69
6220.4
6220.79
6224.23
6224.7
6226.07
6228.74
6229.44
6229.74
6230.54
6231.33
6231.42
6231.48
6231.71
6233.68
6233.9
6233.96
6234.36
6234.73
6235.06
6235.07
6235.34
6236.45
6238.35
6241.46
6242.25
6243.66
6243.85
6244.03
6244.12
6245.67
6247.24
6247.27
6249.31
6249.34
6249.36
6249.52
6249.83
6250.01
6250.68
6251.21
6251.9
6252.99
6253.44
6254.1
6255.03
6257.46
6257.94
6258.89
6259.34
6259.58
6259.84
6259.87
6260.66
6261.33
6261.33
6262.15
6262.55
6262.74
6262.89
6264.19
6264.4
6264.68
6264.75
6265.35
6265.45
6268.46
6269.07
6270.33
6270.46
6272.96
6274.52
6274.6
6275.03
6277.04
6277.08
6277.26
6277.62
6278.71
6279.94
6283.24
6284.06
6286.89
6289.77
6290.14
6292.33
6294.13
6295.47
6295.76
6296.53
6298.18
6298.32
6298.55
6300.78
6301.42
6304.11
6304.18
6305.75
6306.25
6307.22
6308.32
6308.65
6309.15
6309.74
6310.59
6311.25
6311.84
6312.7
6315.37
6317.98
6318.03
6320.16
6320.17
6321.66
6322.67
6324.27
6325.0
6327.73
6327.85
6330.57
6330.98
6331.84
6336.64
6337.6
6338.01
6338.42
6338.76
6339.76
6342.79
6343.0
6343.31
6344.67
6345.39
6345.41
6346.0
6346.22
6346.95
6349.86
6350.57
6351.59
6351.67
6352.72
6352.73
6354.16
6356.24
6357.47
6357.86
6358.07
6358.54
6358.88
6360.66
6360.85
6361.4
6363.01
6363.02
6363.43
6364.87
6365.47
6369.95
6370.32
6371.33
6373.29
6373.48
6374.65
6374.94
6375.2
6376.08
6376.95
6379.72
6379.8
6386.02
6386.15
6386.61
6388.46
6389.13
6390.15
6390.37
6390.56
6391.88
6393.02
6393.45
6393.5
6393.55
6393.96
6394.3
6397.95
6399.0
6402.12
6402.22
6405.08
6405.63
6406.37
6407.28
6407.32
6408.75
6409.07
6409.07
6409.77
6410.4
6410.51
6410.84
6411.76
6413.58
6415.79
6417.15
6417.77
6418.63
6418.79
6418.95
6419.94
6420.23
6421.03
6421.26
6421.74
6422.15
6422.62
6422.81
6423.05
6423.71
6425.18
6427.16
6428.75
6430.35
6430.37
6430.9
6433.06
6433.16
6433.18
6434.76
6434.86
6435.14
6436.1
6437.76
6439.38
6440.65
6440.95
6444.11
6445.96
6448.38
6450.74
6450.91
6451.02
6451.59
6452.1
6452.57
6452.9
6453.75
6456.06
6456.64
6457.22
6458.03
6459.17
6459.81
6460.91
6462.2
6463.6
6463.89
6468.03
6470.1
6470.26
6472.66
6479.24
6480.85
6482.39
6482.92
6483.01
6486.14
6486.18
6486.9
6494.25
6494.31
6494.84
6496.7
6497.82
6498.78
6499.71
6502.94
6503.26
6503.53
6503.54
6506.92
6507.22
6507.4
6507.44
6507.72
6509.61
6510.32
6511.86
6512.49
6512.76
6513.31
6514.33
6514.66
6514.73
6517.11
6517.4
6517.82
6518.03
6518.34
6518.45
6519.6
6521.21
6521.26
6521.37
6521.84
6522.18
6522.24
6522.73
6523.12
6524.2
6524.33
6524.67
6525.0
6525.73
6525.99
6528.3
6528.46
6529.42
6529.78
6530.22
6530.55
6531.26
6532.78
6537.39
6542.36
6547.06
6547.85
6547.99
6548.79
6549.37
6549.43
6549.91
6550.74
6551.37
6551.38
6551.62
6552.24
6553.89
6553.96
6554.67
6554.81
6555.06
6557.65
6558.85
6558.98
6559.87
6559.92
6560.24
6560.33
6563.1
6563.31
6564.02
6564.59
6565.24
6565.97
6570.77
6570.82
6571.45
6571.91
6572.21
6573.53
6573.95
6576.25
6577.27
6577.47
6577.74
6577.81
6578.02
6578.66
6579.56
6581.91
6582.87
6582.88
6583.11
6583.52
6583.64
6584.35
6584.38
6585.47
6585.72
6585.9
6590.32
6592.7
6593.17
6594.55
6595.39
6595.83
6598.35
6599.61
6600.31
6600.53
6601.26
6604.17
6604.44
6604.96
6605.68
6606.16
6606.47
6606.93
6606.96
6607.45
6607.67
6609.81
6610.33
6612.51
6616.72
6617.68
6617.88
6617.97
6619.19
6619.86
6619.88
6620.82
6620.89
6622.04
6623.05
6623.49
6624.27
6624.8
6626.33
6629.49
6629.52
6629.97
6631.31
6632.0
6632.17
6633.07
6633.84
6636.47
6638.06
6638.6
6638.66
6638.86
6640.92
6642.54
6643.24
6644.23
6646.75
6647.72
6648.87
6649.79
6649.81
6649.84
6653.89
6654.93
6655.97
6656.94
6657.24
6658.41
6658.67
6659.28
6659.29
6661.48
6661.86
6661.92
6661.95
6663.25
6663.4
6664.07
6665.94
6666.41
6666.53
6671.57
6672.43
6674.33
6675.07
6675.35
6676.86
6678.49
6678.51
6678.56
6678.82
6679.1
6680.24
6681.2
6681.35
6682.07
6682.34
6683.8
6684.42
6685.37
6685.78
6688.08
6688.31
6691.93
6692.11
6693.65
6694.35
6695.69
6695.71
6696.61
6697.53
6697.86
6698.16
6698.62
6698.71
6699.32
6699.33
6700.82
6702.08
6702.7
6702.72
6703.12
6703.25
6703.57
6704.37
6705.71
6707.9
6708.81
6709.59
6709.83
6712.28
6713.66
6715.59
6715.84
6715.89
6720.43
6722.55
6723.42
6723.53
6724.25
6727.91
6728.7
6731.62
6733.7
6733.89
6735.73
6736.62
6738.35
6738.76
6739.79
6740.71
6741.27
6742.35
6743.0
6744.43
6744.81
6746.64
6748.81
6749.42
6751.26
6751.75
6753.37
6753.58
6754.3
6755.03
6755.37
6756.82
6760.65
6761.22
6761.91
6762.13
6762.48
6762.58
6762.65
6764.27
6766.05
6766.97
6767.15
6768.15
6768.27
6772.09
6774.48
6774.57
6774.67
6775.13
6776.13
6776.29
6777.56
6779.61
6783.16
6784.34
6785.09
6786.93
6787.59
6787.6
6788.53
6788.57
6788.94
6789.75
6789.85
6790.25
6790.36
6791.77
6792.15
6794.11
6794.82
6795.19
6795.65
6796.05
6796.13
6797.54
6798.08
6800.47
6804.89
6805.6
6805.76
6805.79
6805.93
6806.42
6808.22
6808.42
6808.96
6810.2
6811.0
6811.41
6812.4
6812.68
6814.4
6817.9
6818.63
6819.84
6819.92
6821.48
6822.39
6823.25
6823.45
6825.28
6825.89
6825.92
6826.42
6827.12
6828.5
6828.55
6828.55
6829.66
6830.42
6831.07
6831.46
6831.73
6832.95
6834.18
6834.61
6836.27
6836.34
6837.51
6837.95
6839.23
6841.2
6841.27
6842.29
6843.77
6844.73
6845.57
6849.13
6849.19
6849.45
6850.33
6850.59
6855.22
6856.63
6856.73
6857.74
6858.53
6860.61
6862.23
6863.06
6863.24
6863.25
6863.48
6863.49
6865.26
6867.71
6868.65
6869.2
6869.64
6869.65
6871.73
6874.98
6876.72
6880.85
6882.39
6882.48
6883.09
6883.52
6888.98
6889.41
6889.85
6889.9
6892.87
6899.98
6901.33
6903.67
6903.68
6904.27
6904.29
6905.3
6906.48
6907.78
6908.46
6909.3
6909.45
6909.95
6910.7
6911.83
6912.14
6913.02
6913.09
6913.34
6914.1
6915.46
6915.69
6919.35
6922.68
6923.42
6924.04
6924.15
6924.28
6924.31
6926.01
6927.06
6927.17
6929.2
6929.58
6932.45
6933.03
6936.19
6936.46
6937.94
6938.88
6939.86
6940.05
6941.41
6941.46
6941.83
6942.88
6943.88
6944.09
6944.43
6945.1
6945.36
6946.73
6947.79
6948.52
6949.38
6949.68
6949.75
6949.84
6949.94
6951.0
6951.71
6951.98
6952.16
6952.51
6953.43
6955.05
6955.92
6956.85
6958.47
6961.45
6961.63
6963.3
6963.31
6963.95
6965.13
6970.32
6970.91
6971.26
6971.83
6972.0
6972.06
6972.83
6973.88
6974.69
6975.14
6976.02
6976.41
6979.46
6979.81
6979.86
6980.01
6980.39
6981.7
6981.96
6983.26
6983.62
6984.73
6986.57
6988.65
6989.07
6991.44
6991.55
6991.76
6992.13
6993.78
6995.07
6997.51
6997.83
6997.91
6998.66
6998.69
7000.83
7001.03
7002.22
7006.35
7006.99
7008.74
7009.39
7010.0
7010.12
7010.34
7012.18
7014.2
7014.37
7014.93
7016.34
7017.85
7018.58
7019.25
7021.62
7022.62
7023.44
7025.95
7026.01
7026.5
7026.71
7028.97
7031.9
7032.1
7032.79
7033.01
7033.1
7033.84
7033.97
7034.16
7034.26
7034.34
7035.32
7036.52
7036.65
7037.79
7037.82
7037.96
7040.11
7040.94
7041.41
7042.16
7043.84
7044.16
7044.57
7047.08
7048.27
7048.53
7052.64
7053.36
7054.32
7056.72
7060.61
7060.89
7061.1
7061.23
7063.42
7063.81
7063.86
7064.29
7064.31
7064.35
7064.79
7066.16
7066.66
7066.93
7069.3
7071.42
7072.18
7072.66
7074.0
7074.45
7075.29
7079.99
7080.34
7084.79
7085.13
7085.3
7088.59
7089.57
7090.38
7091.6
7092.69
7092.83
7093.34
7093.4
7094.66
7094.78
7095.22
7095.99
7096.2
7096.5
7096.78
7097.1
7098.02
7099.59
7099.65
7100.44
7100.92
7101.96
7102.7
7103.09
7103.37
7107.14
7108.06
7108.46
7109.33
7110.02
7111.12
7111.2
7111.26
7112.01
7113.9
7114.92
7115.42
7116.11
7116.21
7119.01
7119.16
7119.96
7120.68
7121.39
7121.47
7122.42
7123.48
7125.71
7126.32
7126.61
7127.23
7130.2
7131.83
7132.87
7135.7
7136.9
7138.23
7138.43
7139.13
7139.6
7141.34
7142.02
7142.98
7144.08
7144.32
7145.85
7146.13
7146.13
7146.53
7147.43
7151.09
7151.1
7153.35
7153.93
7154.48
7154.84
7154.92
7155.38
7157.58
7157.97
7158.95
7160.59
7161.25
7163.23
7164.84
7166.78
7168.32
7169.25
7173.17
7173.58
7174.81
7175.57
7179.93
7182.37
7182.49
7183.36
7183.7
7183.93
7183.96
7186.32
7188.54
7188.78
7190.01
7190.12
7190.15
7191.02
7191.56
7192.83
7193.51
7195.03
7196.17
7196.19
7196.44
7197.11
7197.38
7198.14
7198.29
7198.37
7198.77
7200.6
7201.62
7201.84
7202.67
7202.92
7203.03
7204.17
7204.92
7205.02
7206.89
7207.03
7207.7
7208.49
7209.3
7209.66
7209.82
7212.91
7213.08
7213.26
7213.31
7213.37
7213.49
7213.5
7213.94
7214.1
7214.68
7217.18
7218.99
7219.4
7220.56
7220.84
7220.98
7224.83
7224.94
7225.15
7229.55
7229.91
7230.0
7230.34
7230.43
7230.96
7231.02
7232.81
7233.46
7235.23
7236.15
7237.77
7238.5
7238.91
7239.0
7240.85
7240.89
7242.39
7242.53
7242.8
7243.57
7247.37
7250.19
7252.79
7254.15
7254.2
7255.16
7256.81
7257.97
7258.38
7258.54
7258.77
7260.09
7261.72
7264.86
7265.47
7266.5
7268.05
7268.4
7269.02
7270.6
7273.35
7273.72
7273.91
7274.76
7275.01
7275.05
7276.9
7278.28
7278.6
7278.64
7279.66
7279.83
7280.66
7281.85
7283.81
7285.38
7286.46
7286.49
7286.92
7287.33
7289.02
7291.87
7293.71
7295.49
7297.18
7298.98
7301.44
7301.99
7303.6
7305.4
7305.99
7306.77
7307.51
7307.96
7309.07
7311.66
7312.23
7313.33
7313.59
7315.03
7317.01
7317.05
7318.92
7319.2
7319.29
7319.42
7319.48
7320.54
7320.95
7321.15
7322.8
7323.56
7323.76
7326.42
7328.0
7328.55
7328.66
7328.94
7329.51
7330.05
7332.84
7333.64
7334.54
7335.72
7336.49
7337.05
7338.46
7338.83
7339.03
7339.36
7344.63
7345.53
7345.82
7346.91
7347.11
7347.89
7348.03
7348.31
7348.76
7348.94
7348.97
7349.84
7350.59
7350.63
7350.71
7351.23
7351.55
7352.26
7355.39
7357.1
7358.41
7359.03
7359.08
7359.83
7360.09
7360.27
7361.19
7361.57
7361.96
7362.6
7363.58
7363.93
7364.4
7366.2
7366.48
7366.53
7368.84
7372.82
7373.29
7373.39
7374.54
7374.74
7375.6
7376.8
7376.99
7378.49
7379.22
7379.73
7381.5
7385.76
7387.9
7388.33
7392.44
7393.51
7393.57
7394.5
7397.01
7398.0
7400.17
7404.21
7406.36
7408.11
7408.94
7409.85
7413.19
7414.37
7417.02
7418.03
7419.58
7419.66
7419.83
7421.42
7422.1
7423.16
7424.08
7424.63
7424.71
7426.5
7426.83
7428.77
7429.22
7430.16
7432.64
7436.68
7437.0
7437.49
7437.91
7437.99
7438.67
7438.73
7439.86
7440.68
7442.15
7443.47
7444.93
7445.29
7445.39
7447.1
7447.74
7449.99
7451.62
7456.45
7457.05
7458.35
7459.16
7459.81
7460.12
7461.98
7463.69
7464.07
7467.53
7467.64
7468.1
7468.64
7469.59
7469.82
7470.08
7470.34
7471.06
7471.65
7472.17
7472.81
7473.65
7476.45
7476.49
7477.01
7479.1
7482.13
7482.54
7483.93
7484.23
7484.35
7485.89
7487.22
7487.68
7489.21
7489.35
7489.79
7489.95
7490.55
7492.7
7493.0
7495.08
7500.68
7501.0
7501.3
7503.92
7504.63
7504.9
7505.37
7506.12
7506.83
7508.29
7509.24
7510.66
7511.06
7511.86
7513.14
7517.17
7520.07
7522.21
7523.54
7524.26
7525.13
7526.34
7527.39
7527.45
7529.07
7529.35
7529.46
7529.88
7532.93
7535.86
7536.03
7536.15
7537.07
7537.73
7538.84
7539.06
7539.86
7540.2
7542.53
7543.9
7544.8
7545.74
7546.69
7546.69
7547.44
7549.37
7551.06
7552.0
7552.17
7552.76
7553.02
7553.61
7553.9
7554.73
7558.32
7559.22
7560.53
7561.04
7561.68
7562.93
7564.51
7566.43
7567.43
7568.66
7568.8
7569.95
7573.04
7573.8
7574.41
7578.59
7579.39
7580.4
7581.01
7581.34
7584.94
7585.54
7589.12
7589.18
7589.55
7589.62
7589.92
7589.94
7590.33
7593.44
7593.7
7594.32
7594.66
7595.85
7597.3
7598.42
7598.96
7598.98
7600.44
7600.46
7600.82
7602.54
7605.18
7605.3
7605.87
7605.87
7607.49
7607.91
7609.49
7610.08
7610.56
7610.78
7610.82
7610.92
7611.6
7612.09
7612.56
7613.26
7613.91
7615.08
7615.65
7616.37
7617.98
7618.34
7619.22
7619.6
7619.6
7620.53
7620.71
7621.82
7623.17
7623.24
7623.34
7625.23
7626.0
7627.08
7629.91
7630.25
7634.61
7635.37
7637.03
7637.49
7638.81
7639.32
7640.93
7642.14
7643.19
7643.51
7645.73
7646.26
7647.96
7648.37
7648.51
7650.55
7650.9
7652.22
7652.5
7655.72
7656.4
7659.18
7661.52
7662.6
7663.92
7664.23
7664.43
7664.77
7666.93
7668.05
7668.28
7669.5
7670.13
7670.94
7674.72
7675.36
7675.55
7677.18
7677.25
7677.61
7679.29
7680.27
7683.91
7684.28
7684.51
7685.34
7686.64
7689.01
7689.11
7689.18
7690.6
7692.92
7694.43
7695.13
7695.48
7695.96
7696.41
7697.94
7698.51
7698.61
7699.09
7700.92
7701.35
7701.69
7702.68
7704.5
7705.5
7707.1
7709.97
7711.07
7711.67
7712.7
7713.74
7714.19
7714.26
7714.32
7716.35
7717.07
7717.55
7718.46
7718.68
7718.89
7719.88
7721.11
7722.61
7722.87
7723.12
7723.33
7723.54
7728.44
7728.78
7729.15
7729.53
7730.04
7731.51
7731.99
7733.11
7734.04
7734.09
7734.62
7734.98
7736.19
7737.85
7737.91
7738.43
7738.91
7738.97
7739.39
7740.48
7740.56
7741.53
7741.68
7743.82
7743.98
7744.68
7745.74
7746.9
7747.54
7747.7
7748.06
7749.37
7749.81
7750.5
7751.88
7752.71
7753.48
7754.49
7754.64
7754.88
7755.22
7755.55
7755.83
7756.59
7757.58
7759.53
7760.27
7760.32
7760.57
7760.98
7761.02
7763.09
7764.07
7764.53
7766.33
7767.1
7767.71
7767.73
7768.43
7768.64
7770.54
7770.86
7772.94
7774.32
7774.65
7777.04
7777.27
7777.48
7778.8
7779.75
7779.86
7781.78
7783.13
7784.18
7784.25
7785.94
7786.29
7786.31
7788.8
7788.85
7789.28
7794.65
7794.79
7795.47
7796.61
7797.2
7798.5
7799.23
7799.61
7799.97
7800.06
7802.91
7803.17
7803.63
7806.36
7809.33
7809.45
7810.73
7810.77
7811.41
7812.92
7813.2
7813.31
7813.86
7814.99
7816.23
7817.8
7818.17
7819.66
7819.78
7821.73
7821.86
7822.5
7823.56
7823.8
7824.47
7825.53
7826.69
7828.61
7829.37
7831.92
7831.94
7833.19
7833.54
7834.7
7834.92
7836.2
7836.8
7837.24
7837.63
7838.38
7838.55
7839.15
7842.27
7843.34
7843.63
7845.59
7847.42
7847.79
7849.23
7851.11
7856.5
7857.73
7858.65
7861.43
7861.76
7863.03
7863.39
7863.5
7863.5
7863.81
7865.58
7866.9
7867.38
7868.47
7868.48
7868.54
7868.73
7869.73
7874.82
7876.92
7877.27
7877.49
7879.81
7880.19
7881.36
7884.09
7884.89
7884.94
7885.22
7885.44
7885.44
7885.86
7886.01
7886.64
7889.29
7890.06
7892.13
7893.45
7893.66
7893.86
7894.63
7894.81
7896.45
7900.24
7901.27
7903.56
7904.63
7906.4
7908.19
7909.54
7909.66
7909.82
7911.27
7911.88
7911.99
7912.4
7913.13
7914.6
7914.62
7915.22
7915.67
7916.01
7916.33
7917.17
7917.67
7919.19
7920.07
7922.73
7922.73
7923.52
7925.06
7927.33
7928.71
7929.65
7930.65
7931.23
7931.24
7931.73
7933.08
7934.4
7935.05
7935.06
7935.16
7939.09
7939.15
7939.73
7940.33
7940.36
7941.38
7941.95
7942.38
7942.77
7942.93
7943.88
7944.42
7944.53
7948.41
7948.47
7949.11
7949.66
7950.6
7951.3
7951.71
7952.1
7952.32
7953.52
7954.27
7954.48
7955.97
7958.05
7958.66
7958.91
7959.69
7961.08
7962.42
7962.58
7962.63
7963.29
7963.39
7963.39
7963.99
7964.06
7966.18
7966.66
7967.61
7968.51
7969.73
7971.37
7971.46
7972.55
7973.95
7974.59
7976.57
7977.01
7979.08
7979.78
7980.53
7980.71
7980.84
7981.39
7982.01
7983.13
7984.11
7984.93
7986.01
7988.42
7988.44
7988.5
7990.36
7990.62
7990.68
7992.29
7992.98
7993.17
7994.75
7995.2
7998.5
7999.26
7999.34
7999.65
7999.86
8000.06
8000.46
8000.52
8003.3
8004.39
8006.15
8006.22
8008.79
8010.42
8010.66
8014.31
8014.76
8015.55
8016.06
8018.07
8019.29
8020.21
8020.28
8020.69
8020.97
8021.18
8022.28
8022.75
8023.25
8023.41
8024.57
8025.04
8030.52
8031.03
8031.59
8034.42
8035.14
8035.37
8037.34
8037.99
8038.66
8039.55
8041.35
8041.42
8041.69
8042.0
8043.62
8043.88
8044.06
8045.6
8047.23
8047.45
8048.35
8049.37
8052.25
8055.54
8056.02
8057.65
8057.96
8058.33
8059.22
8059.46
8059.47
8059.74
8061.76
8063.46
8064.5
8071.67
8072.57
8072.97
8073.38
8073.65
8074.01
8074.09
8074.36
8074.81
8075.12
8075.38
8076.49
8076.66
8077.3
8077.37
8080.84
8080.98
8081.45
8081.99
8082.75
8084.07
8085.02
8085.12
8085.31
8085.56
8085.92
8086.77
8087.18
8088.27
8088.56
8088.57
8090.0
8090.1
8090.49
8090.72
8092.66
8094.39
8094.72
8095.02
8097.39
8097.58
8100.22
8101.03
8101.04
8101.62
8103.07
8106.23
8108.2
8108.56
8109.18
8111.24
8113.63
8113.78
8115.52
8116.07
8116.29
8117.03
8119.72
8120.19
8120.84
8122.59
8122.91
8123.22
8123.6
8124.87
8126.11
8126.11
8127.2
8127.46
8128.6
8129.01
8129.14
8129.58
8129.84
8130.4
8131.21
8133.1
8134.76
8134.84
8135.79
8135.83
8137.64
8140.34
8142.11
8143.7
8143.76
8143.77
8144.02
8144.95
8146.25
8146.26
8146.94
8147.1
8147.37
8150.31
8150.85
8151.06
8151.35
8151.53
8152.49
8154.74
8155.37
8155.42
8156.23
8158.19
8159.08
8160.15
8160.56
8161.03
8161.29
8162.06
8162.16
8163.57
8164.72
8166.98
8167.11
8171.86
8171.98
8173.43
8174.27
8175.07
8178.06
8179.84
8181.77
8183.72
8186.7
8187.39
8191.11
8191.57
8191.59
8193.16
8194.05
8195.15
8195.65
8196.08
8197.37
8197.8
8198.08
8198.3
8202.19
8202.99
8206.83
8207.47
8207.61
8208.56
8210.43
8211.91
8212.74
8213.46
8213.54
8214.48
8215.4
8216.05
8216.22
8217.18
8220.21
8220.9
8221.41
8221.57
8222.42
8223.73
8224.79
8225.44
8226.08
8226.49
8228.57
8229.61
8230.17
8230.73
8230.83
8231.32
8232.54
8234.91
8236.98
8237.71
8238.05
8239.59
8239.81
8240.57
8242.32
8242.53
8242.92
8243.03
8243.2
8246.53
8246.83
8248.74
8248.77
8248.91
8249.42
8250.71
8252.19
8252.53
8253.52
8254.21
8255.42
8257.15
8257.49
8258.26
8258.37
8258.49
8258.97
8258.97
8260.03
8261.83
8265.03
8265.38
8266.22
8267.47
8270.01
8270.43
8271.69
8272.01
8272.4
8273.29
8273.68
8274.57
8274.67
8274.97
8275.89
8278.88
8279.04
8279.62
8279.66
8282.1
8282.68
8283.2
8283.63
8285.23
8287.4
8288.77
8289.19
8289.66
8292.16
8292.26
8292.4
8293.49
8294.88
8296.82
8296.9
8297.15
8297.57
8297.65
8297.93
8301.09
8301.23
8302.54
8303.9
8305.87
8306.9
8307.16
8308.14
8308.31
8308.88
8310.94
8311.64
8311.95
8312.97
8313.51
8314.14
8315.02
8316.43
8318.08
8319.17
8320.58
8320.86
8321.68
8321.96
8322.01
8322.13
8323.44
8323.52
8325.86
8326.42
8327.06
8328.17
8328.52
8330.26
8331.15
8331.53
8336.31
8337.46
8337.89
8338.42
8338.57
8339.75
8340.54
8342.75
8345.01
8346.0
8347.36
8348.16
8348.44
8349.6
8351.59
8352.13
8352.36
8352.49
8353.01
8356.04
8356.62
8357.09
8357.73
8357.92
8360.23
8360.49
8361.06
8361.21
8362.08
8362.23
8362.6
8363.09
8364.07
8364.66
8365.09
8367.64
8367.84
8369.28
8374.75
8377.07
8378.3
8379.33
8381.52
8382.61
8383.09
8383.5
8385.55
8386.17
8386.34
8386.84
8387.26
8389.22
8390.74
8391.4
8392.02
8392.74
8393.38
8393.38
8393.42
8396.68
8398.06
8399.61
8399.69
8400.06
8402.27
8402.71
8402.99
8405.71
8405.72
8407.14
8407.66
8408.17
8409.28
8410.23
8411.65
8412.73
8412.74
8413.95
8414.71
8415.69
8417.29
8418.18
8418.26
8419.62
8420.37
8421.45
8421.92
8422.18
8422.39
8422.99
8423.66
8425.99
8426.26
8426.47
8427.46
8427.61
8428.38
8428.55
8428.86
8429.65
8430.54
8430.58
8431.44
8432.55
8432.93
8433.95
8434.0
8434.33
8435.06
8436.44
8437.77
8438.74
8439.93
8440.31
8440.57
8441.27
8441.39
8443.76
8443.79
8444.33
8445.34
8445.47
8445.8
8446.5
8447.61
8448.74
8450.74
8451.56
8452.27
8453.24
8453.6
8454.53
8454.89
8455.23
8456.12
8456.7
8458.14
8459.71
8459.74
8461.18
8461.35
8464.36
8464.43
8464.6
8464.87
8465.03
8467.33
8467.93
8468.84
8468.95
8470.2
8471.4
8471.86
8472.09
8472.2
8472.22
8472.79
8476.45
8476.91
8477.06
8478.65
8479.68
8481.17
8483.37
8486.82
8488.33
8488.43
8489.52
8489.58
8490.69
8491.08
8491.8
8496.01
8498.52
8498.52
8498.67
8498.87
8499.0
8499.57
8500.12
8500.35
8501.07
8503.08
8503.09
8504.6
8506.39
8507.01
8507.62
8507.81
8509.04
8510.52
8511.07
8512.29
8512.96
8513.05
8513.17
8514.54
8514.93
8517.67
8518.93
8519.52
8520.5
8521.97
8523.27
8523.56
8523.72
8524.24
8524.36
8525.11
8525.13
8525.95
8526.86
8526.9
8527.36
8530.06
8533.17
8534.62
8538.73
8541.65
8541.99
8543.42
8545.89
8546.22
8546.49
8547.0
8547.38
8548.95
8549.33
8552.71
8552.83
8554.61
8556.55
8557.19
8557.45
8558.69
8559.31
8560.58
8562.16
8563.72
8563.86
8564.28
8564.77
8565.94
8566.42
8566.9
8568.97
8569.96
8570.18
8572.02
8572.81
8573.33
8575.46
8576.43
8576.79
8577.58
8578.59
8578.68
8579.11
8580.48
8580.62
8581.34
8583.0
8585.75
8586.5
8588.09
8588.5
8588.66
8590.01
8591.03
8594.23
8594.98
8595.99
8596.48
8597.95
8598.89
8600.57
8601.55
8603.07
8603.29
8603.75
8604.68
8606.02
8607.58
8607.8
8611.03
8611.45
8611.8
8612.83
8613.2
8616.95
8617.65
8618.74
8618.84
8621.76
8621.94
8622.53
8625.01
8627.0
8627.1
8627.42
8627.43
8628.87
8633.49
8635.47
8636.51
8638.38
8639.83
8640.15
8641.26
8641.97
8642.5
8642.86
8645.16
8646.47
8650.9
8651.15
8651.42
8654.67
8654.89
8654.94
8655.38
8655.91
8656.21
8656.33
8657.7
8657.98
8658.29
8661.01
8663.13
8666.04
8671.28
8672.45
8672.94
8673.14
8675.2
8675.53
8676.05
8678.87
8679.31
8679.42
8680.97
8681.24
8681.48
8681.76
8682.09
8682.1
8682.43
8682.69
8683.21
8683.96
8684.35
8685.0
8685.47
8686.5
8689.71
8691.1
8691.15
8691.88
8691.99
8693.25
8694.8
8696.29
8698.21
8698.79
8699.59
8700.39
8700.99
8701.0
8701.26
8701.37
8701.79
8702.89
8706.33
8706.54
8706.84
8707.37
8708.38
8709.51
8709.87
8709.94
8709.97
8711.27
8713.76
8714.13
8714.86
8715.49
8716.18
8716.95
8717.07
8718.91
8718.99
8720.45
8720.58
8720.78
8721.02
8723.6
8725.57
8726.43
8727.94
8729.71
8730.9
8731.93
8735.69
8738.21
8739.83
8740.03
8740.35
8740.71
8742.16
8743.9
8744.97
8745.03
8746.32
8747.03
8748.15
8748.75
8750.48
8751.25
8751.62
8751.99
8752.03
8752.47
8753.25
8754.49
8754.61
8755.85
8756.77
8756.79
8758.13
8758.31
8758.97
8759.6
8762.03
8762.04
8763.25
8763.93
8764.22
8765.07
8765.29
8765.56
8766.95
8767.58
8767.8
8768.65
8768.66
8768.98
8769.91
8771.46
8771.53
8771.82
8772.58
8772.79
8772.82
8775.23
8776.36
8776.76
8778.03
8779.05
8780.36
8780.46
8781.02
8783.39
8784.13
8784.53
8785.58
8786.32
8787.15
8787.16
8787.76
8788.29
8788.78
8789.03
8789.17
8789.4
8789.54
8790.37
8791.69
8792.1
8793.52
8796.89
8797.94
8798.68
8800.16
8801.15
8801.76
8802.77
8803.58
8804.07
8804.1
8804.15
8804.31
8805.26
8806.68
8808.05
8808.75
8809.94
8809.96
8810.09
8810.6
8811.19
8811.2
8811.54
8811.67
8812.98
8813.96
8815.74
8816.57
8818.64
8818.95
8819.51
8820.07
8822.39
8823.26
8826.07
8827.37
8828.29
8828.37
8828.57
8828.85
8829.7
8830.4
8830.89
8833.0
8834.37
8834.98
8837.66
8838.22
8838.66
8838.91
8839.46
8840.89
8842.47
8842.81
8843.34
8845.3
8845.47
8846.7
8848.23
8850.19
8850.38
8850.52
8850.63
8852.98
8856.22
8859.09
8859.74
8860.75
8861.02
8861.72
8862.8
8864.04
8864.67
8865.42
8866.47
8868.12
8868.39
8872.81
8873.06
8876.09
8877.01
8877.8
8878.75
8879.03
8880.89
8881.51
8882.74
8886.4
8889.82
8890.69
8892.23
8893.44
8895.6
8896.6
8899.03
8900.28
8900.4
8900.43
8900.7
8901.49
8903.0
8903.49
8904.8
8909.73
8910.52
8910.82
8911.54
8911.56
8912.35
8915.03
8917.2
8917.33
8918.71
8919.79
8920.66
8923.5
8928.03
8930.42
8931.88
8932.77
8933.15
8933.88
8937.54
8939.43
8939.73
8942.55
8944.62
8945.14
8946.86
8948.16
8948.33
8948.74
8949.14
8950.65
8951.21
8951.43
8952.87
8953.13
8961.21
8961.39
8963.56
8966.71
8967.82
8968.26
8968.39
8971.04
8971.28
8971.4
8971.59
8972.55
8973.63
8976.84
8977.03
8977.85
8979.41
8980.55
8981.84
8981.97
8983.39
8984.13
8985.06
8988.58
8989.59
8990.32
8991.89
8992.18
8995.62
8997.56
8997.65
8999.52
9000.39
9001.17
9002.61
9002.79
9004.1
9004.68
9004.95
9005.38
9005.8
9006.4
9006.81
9007.4
9007.96
9008.28
9008.71
9010.05
9010.21
9010.6
9011.07
9011.7
9015.27
9017.34
9017.38
9017.68
9018.79
9020.69
9021.93
9022.52
9023.37
9024.23
9025.17
9026.1
9027.63
9028.99
9029.22
9029.65
9030.12
9031.01
9031.36
9032.2
9033.4
9033.83
9034.69
9034.98
9036.87
9037.01
9037.76
9037.84
9038.05
9039.05
9039.75
9040.9
9041.07
9041.14
9041.28
9041.48
9044.08
9045.12
9045.88
9048.92
9049.86
9051.05
9052.79
9053.12
9058.02
9058.76
9059.93
9060.01
9060.14
9063.06
9064.11
9066.89
9069.16
9069.48
9070.65
9072.32
9074.45
9075.31
9075.98
9076.23
9077.15
9077.15
9077.76
9078.93
9080.19
9080.39
9080.65
9082.25
9082.33
9082.59
9082.7
9083.31
9084.16
9086.2
9087.52
9088.12
9088.42
9089.77
9090.8
9093.15
9093.74
9100.16
9100.94
9101.39
9102.79
9103.0
9103.04
9103.3
9103.89
9103.9
9106.07
9106.08
9109.47
9110.02
9110.18
9110.68
9111.82
9113.09
9114.44
9114.76
9115.06
9115.83
9118.81
9121.65
9121.92
9122.64
9123.96
9125.51
9125.71
9129.02
9129.07
9132.6
9132.95
9133.97
9134.06
9134.13
9134.75
9134.9
9136.11
9136.4
9137.14
9138.54
9138.76
9139.01
9139.33
9139.86
9141.29
9141.4
9142.44
9143.07
9143.2
9144.93
9145.18
9145.41
9146.67
9147.15
9147.34
9147.86
9148.0
9148.78
9151.35
9152.19
9152.26
9152.75
9153.11
9153.65
9154.82
9156.31
9159.18
9160.02
9160.65
9160.98
9161.04
9161.3
9161.54
9163.13
9164.59
9166.53
9169.74
9169.76
9170.2
9170.49
9172.5
9176.03
9179.25
9179.96
9181.24
9181.66
9182.11
9187.48
9187.63
9188.81
9190.95
9191.72
9191.75
9195.37
9195.81
9196.42
9197.04
9197.38
9198.44
9198.94
9199.98
9200.22
9201.07
9201.66
9201.78
9202.27
9202.53
9202.64
9204.48
9204.74
9204.98
9205.06
9206.16
9207.52
9208.66
9209.59
9209.65
9210.78
9211.61
9211.69
9212.04
9212.18
9212.81
9212.95
9213.12
9213.44
9216.77
9216.81
9217.01
9217.15
9217.47
9217.98
9218.19
9220.21
9220.26
9221.67
9221.76
9225.33
9226.48
9229.8
9233.04
9237.97
9238.38
9238.93
9239.51
9240.46
9241.44
9241.6
9242.79
9243.99
9245.89
9246.93
9246.94
9247.11
9247.64
9247.74
9248.5
9249.31
9249.33
9252.27
9253.08
9253.53
9254.05
9254.39
9254.86
9255.75
9258.43
9258.51
9258.87
9259.31
9259.74
9260.54
9260.78
9262.55
9263.31
9265.71
9266.18
9268.94
9269.86
9270.44
9271.27
9271.55
9272.17
9273.54
9274.16
9275.47
9277.25
9277.43
9277.81
9278.17
9280.5
9281.0
9281.08
9281.86
9283.52
9284.03
9284.52
9285.06
9286.11
9286.5
9286.61
9287.4
9288.68
9289.23
9289.74
9290.44
9290.55
9290.79
9291.03
9292.79
9293.87
9293.89
9299.38
9300.02
9300.59
9300.87
9301.56
9302.36
9307.71
9311.29
9311.97
9313.69
9317.05
9318.14
9318.57
9319.0
9320.03
9321.73
9321.86
9322.88
9323.11
9324.59
9324.6
9325.2
9325.36
9326.82
9327.08
9331.65
9332.57
9337.53
9337.79
9338.39
9338.45
9338.73
9340.96
9341.45
9342.71
9343.19
9343.2
9345.42
9346.01
9346.03
9350.69
9352.51
9353.7
9356.37
9357.06
9357.18
9359.71
9359.78
9360.21
9360.38
9360.62
9363.01
9363.46
9363.66
9366.34
9366.96
9367.17
9368.54
9369.03
9369.26
9369.79
9372.47
9373.14
9373.62
9373.96
9374.23
9375.47
9375.96
9377.15
9378.46
9378.98
9379.3
9379.52
9379.84
9379.89
9380.02
9380.96
9381.9
9384.96
9385.45
9385.54
9385.74
9387.41
9387.81
9388.69
9390.2
9392.71
9394.4
9396.18
9396.9
9398.36
9399.59
9400.36
9400.72
9400.87
9401.21
9402.28
9403.46
9403.69
9404.27
9405.33
9407.35
9407.66
9407.95
9410.87
9412.52
9412.64
9412.65
9413.02
9415.8
9416.25
9417.26
9417.32
9417.8
9417.91
9418.09
9421.53
9423.19
9423.57
9426.67
9427.08
9427.53
9427.98
9429.73
9430.14
9431.63
9432.42
9432.52
9432.73
9433.29
9433.72
9434.68
9434.78
9435.45
9435.46
9440.86
9442.28
9443.28
9443.41
9444.92
9445.55
9447.99
9448.41
9448.82
9450.76
9451.85
9452.47
9453.72
9454.15
9456.17
9456.25
9456.72
9457.16
9457.35
9457.98
9458.11
9458.23
9458.52
9459.58
9459.98
9460.05
9460.58
9460.71
9461.58
9465.56
9465.79
9465.83
9466.56
9466.68
9467.04
9470.04
9471.17
9474.22
9475.01
9475.12
9477.16
9479.76
9485.39
9485.52
9486.16
9488.11
9490.0
9490.34
9490.42
9490.99
9491.76
9492.59
9493.54
9493.99
9495.1
9499.24
9499.52
9499.99
9500.43
9501.79
9502.18
9504.36
9505.44
9506.04
9506.63
9506.7
9508.31
9510.29
9510.87
9511.24
9512.35
9515.02
9518.11
9520.55
9521.32
9521.83
9522.09
9522.6
9524.69
9524.81
9524.98
9526.35
9526.66
9527.32
9531.19
9535.21
9539.8
9541.14
9545.26
9545.37
9548.85
9549.08
9550.04
9550.11
9550.38
9550.42
9551.75
9553.89
9554.19
9554.23
9554.63
9554.72
9556.12
9558.54
9559.29
9559.96
9562.78
9565.69
9565.69
9567.8
9568.04
9568.25
9568.72
9570.14
9571.84
9574.17
9575.86
9576.03
9576.26
9576.45
9577.21
9577.75
9583.15
9583.18
9584.37
9585.09
9585.2
9585.94
9586.5
9587.63
9589.41
9589.71
9590.41
9590.87
9592.1
9593.56
9594.45
9595.22
9595.37
9601.78
9602.51
9602.67
9603.47
9603.48
9603.97
9604.91
9605.66
9607.62
9610.87
9611.29
9612.9
9613.24
9614.5
9614.98
9615.76
9616.36
9616.71
9617.4
9618.26
9618.39
9621.29
9621.71
9622.24
9623.73
9624.01
9625.04
9625.63
9626.82
9627.39
9627.48
9627.82
9628.87
9629.27
9631.01
9631.15
9632.03
9633.62
9633.83
9634.42
9634.57
9636.83
9637.76
9638.95
9639.19
9640.81
9640.81
9642.24
9645.47
9645.97
9646.2
9648.08
9648.62
9649.47
9650.31
9651.05
9651.27
9652.52
9652.68
9652.86
9652.9
9653.4
9653.76
9653.92
9655.0
9655.28
9656.75
9657.0
9658.32
9658.34
9658.87
9660.05
9661.34
9661.42
9662.67
9662.92
9666.06
9667.52
9668.56
9670.13
9670.46
9672.67
9673.19
9673.96
9675.89
9676.32
9676.41
9679.92
9680.11
9680.19
9680.32
9680.88
9683.79
9686.38
9686.7
9687.26
9688.17
9689.53
9689.99
9692.46
9693.26
9693.38
9693.47
9693.82
9695.27
9695.64
9695.69
9696.75
9699.93
9699.94
9700.15
9700.53
9701.18
9701.84
9702.41
9702.76
9702.88
9704.9
9704.99
9708.06
9708.22
9710.13
9710.71
9715.09
9715.78
9716.7
9717.45
9717.91
9718.28
9719.15
9721.31
9721.38
9721.96
9722.41
9722.47
9722.55
9724.91
9726.07
9726.22
9729.13
9729.86
9730.9
9731.88
9732.96
9733.81
9734.32
9736.72
9740.37
9743.46
9743.67
9743.83
9744.44
9746.45
9748.03
9748.73
9748.88
9750.4
9750.46
9753.46
9753.71
9753.95
9754.53
9755.6
9755.8
9755.86
9759.0
9759.28
9760.46
9761.4
9762.19
9763.55
9763.87
9763.95
9764.42
9768.71
9770.88
9771.68
9771.86
9771.93
9772.79
9773.49
9774.37
9776.09
9777.58
9778.77
9779.49
9781.22
9781.51
9783.0
9783.78
9784.23
9784.65
9789.06
9790.36
9791.1
9791.2
9791.59
9792.94
9793.44
9793.97
9794.03
9795.35
9795.67
9795.83
9796.01
9796.48
9796.53
9797.61
9798.86
9799.68
9800.78
9803.51
9804.23
9805.23
9806.06
9814.61
9819.16
9820.78
9822.03
9823.45
9823.66
9823.82
9824.5
9825.38
9825.61
9828.52
9832.69
9833.4
9834.29
9834.44
9834.48
9836.2
9836.93
9837.4
9838.58
9839.18
9842.44
9842.74
9843.06
9843.94
9844.56
9846.18
9846.4
9847.12
9848.69
9849.0
9850.76
9851.34
9851.87
9852.12
9855.18
9856.0
9856.07
9857.7
9858.67
9859.99
9861.33
9861.78
9864.17
9866.99
9867.08
9867.74
9867.86
9868.01
9868.22
9869.1
9871.44
9872.8
9873.41
9873.66
9876.58
9876.6
9877.0
9879.24
9880.15
9880.18
9880.26
9881.94
9882.68
9884.17
9885.37
9887.53
9888.64
9888.86
9890.52
9891.82
9892.14
9892.45
9895.5
9895.52
9897.31
9900.1
9900.41
9900.51
9901.81
9902.34
9903.6
9905.05
9905.38
9906.32
9907.27
9907.27
9908.94
9909.34
9910.47
9911.87
9913.49
9915.92
9917.3
9920.44
9921.11
9923.47
9924.45
9924.95
9924.96
9926.31
9926.84
9927.06
9931.17
9931.42
9931.52
9931.59
9931.72
9932.26
9933.47
9936.05
9936.68
9937.89
9938.53
9943.35
9943.74
9945.75
9945.81
9946.55
9946.87
9948.32
9949.84
9950.97
9951.09
9951.99
9952.69
9953.63
9954.77
9955.53
9956.64
9958.06
9958.37
9958.93
9958.95
9960.41
9967.75
9969.13
9969.35
9972.08
9972.54
9972.6
9972.91
9973.23
9973.64
9975.77
9976.09
9976.23
9979.23
9980.3
9982.78
9983.35
9983.86
9983.89
9984.83
9984.9
9984.94
9984.95
9985.13
9985.88
9986.08
9986.51
9988.11
9988.12
9988.28
9990.52
9991.47
9992.35
9993.85
9995.39
9996.04
9997.0
9997.12
9997.41
9998.01
9998.83
9998.9
9998.96
