9998.96
9998.9
9998.83
9998.01
9997.41
9997.12
9997.0
9996.04
9995.39
9993.85
9992.35
9991.47
9990.52
9988.28
9988.12
9988.11
9986.51
9986.08
9985.88
9985.13
9984.95
9984.94
9984.9
9984.83
9983.89
9983.86
9983.35
9982.78
9980.3
9979.23
9976.23
9976.09
9975.77
9973.64
9973.23
9972.91
9972.6
9972.54
9972.08
9969.35
9969.13
9967.75
9960.41
9958.95
9958.93
9958.37
9958.06
9956.64
9955.53
9954.77
9953.63
9952.69
9951.99
9951.09
9950.97
9949.84
9948.32
9946.87
9946.55
9945.81
9945.75
9943.74
9943.35
9938.53
9937.89
9936.68
9936.05
9933.47
9932.26
9931.72
9931.59
9931.52
9931.42
9931.17
9927.06
9926.84
9926.31
9924.96
9924.95
9924.45
9923.47
9921.11
9920.44
9917.3
9915.92
9913.49
9911.87
9910.47
9909.34
9908.94
9907.27
9907.27
9906.32
9905.38
9905.05
9903.6
9902.34
9901.81
9900.51
9900.41
9900.1
9897.31
9895.52
9895.5
9892.45
9892.14
9891.82
9890.52
9888.86
9888.64
9887.53
9885.37
9884.17
9882.68
9881.94
9880.26
9880.18
9880.15
9879.24
9877.0
9876.6
9876.58
9873.66
9873.41
9872.8
9871.44
9869.1
9868.22
9868.01
9867.86
9867.74
9867.08
9866.99
9864.17
9861.78
9861.33
9859.99
9858.67
9857.7
9856.07
9856.0
9855.18
9852.12
9851.87
9851.34
9850.76
9849.0
9848.69
9847.12
9846.4
9846.18
9844.56
9843.94
9843.06
9842.74
9842.44
9839.18
9838.58
9837.4
9836.93
9836.2
9834.48
9834.44
9834.29
9833.4
9832.69
9828.52
9825.61
9825.38
9824.5
9823.82
9823.66
9823.45
9822.03
9820.78
9819.16
9814.61
9806.06
9805.23
9804.23
9803.51
9800.78
9799.68
9798.86
9797.61
9796.53
9796.48
9796.01
9795.83
9795.67
9795.35
9794.03
9793.97
9793.44
9792.94
9791.59
9791.2
9791.1
9790.36
9789.06
9784.65
9784.23
9783.78
9783.0
9781.51
9781.22
9779.49
9778.77
9777.58
9776.09
9774.37
9773.49
9772.79
9771.93
9771.86
9771.68
9770.88
9768.71
9764.42
9763.95
9763.87
9763.55
9762.19
9761.4
9760.46
9759.28
9759.0
9755.86
9755.8
9755.6
9754.53
9753.95
9753.71
9753.46
9750.46
9750.4
9748.88
9748.73
9748.03
9746.45
9744.44
9743.83
9743.67
9743.46
9740.37
9736.72
9734.32
9733.81
9732.96
9731.88
9730.9
9729.86
9729.13
9726.22
9726.07
9724.91
9722.55
9722.47
9722.41
9721.96
9721.38
9721.31
9719.15
9718.28
9717.91
9717.45
9716.7
9715.78
9715.09
9710.71
9710.13
9708.22
9708.06
9704.99
9704.9
9702.88
9702.76
9702.41
9701.84
9701.18
9700.53
9700.15
9699.94
9699.93
9696.75
9695.69
9695.64
9695.27
9693.82
9693.47
9693.38
9693.26
9692.46
9689.99
9689.53
9688.17
9687.26
9686.7
9686.38
9683.79
9680.88
9680.32
9680.19
9680.11
9679.92
9676.41
9676.32
9675.89
9673.96
9673.19
9672.67
9670.46
9670.13
9668.56
9667.52
9666.06
9662.92
9662.67
9661.42
9661.34
9660.05
9658.87
9658.34
9658.32
9657.0
9656.75
9655.28
9655.0
9653.92
9653.76
9653.4
9652.9
9652.86
9652.68
9652.52
9651.27
9651.05
9650.31
9649.47
9648.62
9648.08
9646.2
9645.97
9645.47
9642.24
9640.81
9640.81
9639.19
9638.95
9637.76
9636.83
9634.57
9634.42
9633.83
9633.62
9632.03
9631.15
9631.01
9629.27
9628.87
9627.82
9627.48
9627.39
9626.82
9625.63
9625.04
9624.01
9623.73
9622.24
9621.71
9621.29
9618.39
9618.26
9617.4
9616.71
9616.36
9615.76
9614.98
9614.5
9613.24
9612.9
9611.29
9610.87
9607.62
9605.66
9604.91
9603.97
9603.48
9603.47
9602.67
9602.51
9601.78
9595.37
9595.22
9594.45
9593.56
9592.1
9590.87
9590.41
9589.71
9589.41
9587.63
9586.5
9585.94
9585.2
9585.09
9584.37
9583.18
9583.15
9577.75
9577.21
9576.45
9576.26
9576.03
9575.86
9574.17
9571.84
9570.14
9568.72
9568.25
9568.04
9567.8
9565.69
9565.69
9562.78
9559.96
9559.29
9558.54
9556.12
9554.72
9554.63
9554.23
9554.19
9553.89
9551.75
9550.42
9550.38
9550.11
9550.04
9549.08
9548.85
9545.37
9545.26
9541.14
9539.8
9535.21
9531.19
9527.32
9526.66
9526.35
9524.98
9524.81
9524.69
9522.6
9522.09
9521.83
9521.32
9520.55
9518.11
9515.02
9512.35
9511.24
9510.87
9510.29
9508.31
9506.7
9506.63
9506.04
9505.44
9504.36
9502.18
9501.79
9500.43
9499.99
9499.52
9499.24
9495.1
9493.99
9493.54
9492.59
9491.76
9490.99
9490.42
9490.34
9490.0
9488.11
9486.16
9485.52
9485.39
9479.76
9477.16
9475.12
9475.01
9474.22
9471.17
9470.04
9467.04
9466.68
9466.56
9465.83
9465.79
9465.56
9461.58
9460.71
9460.58
9460.05
9459.98
9459.58
9458.52
9458.23
9458.11
9457.98
9457.35
9457.16
9456.72
9456.25
9456.17
9454.15
9453.72
9452.47
9451.85
9450.76
9448.82
9448.41
9447.99
9445.55
9444.92
9443.41
9443.28
9442.28
9440.86
9435.46
9435.45
9434.78
9434.68
9433.72
9433.29
9432.73
9432.52
9432.42
9431.63
9430.14
9429.73
9427.98
9427.53
9427.08
9426.67
9423.57
9423.19
9421.53
9418.09
9417.91
9417.8
9417.32
9417.26
9416.25
9415.8
9413.02
9412.65
9412.64
9412.52
9410.87
9407.95
9407.66
9407.35
9405.33
9404.27
9403.69
9403.46
9402.28
9401.21
9400.87
9400.72
9400.36
9399.59
9398.36
9396.9
9396.18
9394.4
9392.71
9390.2
9388.69
9387.81
9387.41
9385.74
9385.54
9385.45
9384.96
9381.9
9380.96
9380.02
9379.89
9379.84
9379.52
9379.3
9378.98
9378.46
9377.15
9375.96
9375.47
9374.23
9373.96
9373.62
9373.14
9372.47
9369.79
9369.26
9369.03
9368.54
9367.17
9366.96
9366.34
9363.66
9363.46
9363.01
9360.62
9360.38
9360.21
9359.78
9359.71
9357.18
9357.06
9356.37
9353.7
9352.51
9350.69
9346.03
9346.01
9345.42
9343.2
9343.19
9342.71
9341.45
9340.96
9338.73
9338.45
9338.39
9337.79
9337.53
9332.57
9331.65
9327.08
9326.82
9325.36
9325.2
9324.6
9324.59
9323.11
9322.88
9321.86
9321.73
9320.03
9319.0
9318.57
9318.14
9317.05
9313.69
9311.97
9311.29
9307.71
9302.36
9301.56
9300.87
9300.59
9300.02
9299.38
9293.89
9293.87
9292.79
9291.03
9290.79
9290.55
9290.44
9289.74
9289.23
9288.68
9287.4
9286.61
9286.5
9286.11
9285.06
9284.52
9284.03
9283.52
9281.86
9281.08
9281.0
9280.5
9278.17
9277.81
9277.43
9277.25
9275.47
9274.16
9273.54
9272.17
9271.55
9271.27
9270.44
9269.86
9268.94
9266.18
9265.71
9263.31
9262.55
9260.78
9260.54
9259.74
9259.31
9258.87
9258.51
9258.43
9255.75
9254.86
9254.39
9254.05
9253.53
9253.08
9252.27
9249.33
9249.31
9248.5
9247.74
9247.64
9247.11
9246.94
9246.93
9245.89
9243.99
9242.79
9241.6
9241.44
9240.46
9239.51
9238.93
9238.38
9237.97
9233.04
9229.8
9226.48
9225.33
9221.76
9221.67
9220.26
9220.21
9218.19
9217.98
9217.47
9217.15
9217.01
9216.81
9216.77
9213.44
9213.12
9212.95
9212.81
9212.18
9212.04
9211.69
9211.61
9210.78
9209.65
9209.59
9208.66
9207.52
9206.16
9205.06
9204.98
9204.74
9204.48
9202.64
9202.53
9202.27
9201.78
9201.66
9201.07
9200.22
9199.98
9198.94
9198.44
9197.38
9197.04
9196.42
9195.81
9195.37
9191.75
9191.72
9190.95
9188.81
9187.63
9187.48
9182.11
9181.66
9181.24
9179.96
9179.25
9176.03
9172.5
9170.49
9170.2
9169.76
9169.74
9166.53
9164.59
9163.13
9161.54
9161.3
9161.04
9160.98
9160.65
9160.02
9159.18
9156.31
9154.82
9153.65
9153.11
9152.75
9152.26
9152.19
9151.35
9148.78
9148.0
9147.86
9147.34
9147.15
9146.67
9145.41
9145.18
9144.93
9143.2
9143.07
9142.44
9141.4
9141.29
9139.86
9139.33
9139.01
9138.76
9138.54
9137.14
9136.4
9136.11
9134.9
9134.75
9134.13
9134.06
9133.97
9132.95
9132.6
9129.07
9129.02
9125.71
9125.51
9123.96
9122.64
9121.92
9121.65
9118.81
9115.83
9115.06
9114.76
9114.44
9113.09
9111.82
9110.68
9110.18
9110.02
9109.47
9106.08
9106.07
9103.9
9103.89
9103.3
9103.04
9103.0
9102.79
9101.39
9100.94
9100.16
9093.74
9093.15
9090.8
9089.77
9088.42
9088.12
9087.52
9086.2
9084.16
9083.31
9082.7
9082.59
9082.33
9082.25
9080.65
9080.39
9080.19
9078.93
9077.76
9077.15
9077.15
9076.23
9075.98
9075.31
9074.45
9072.32
9070.65
9069.48
9069.16
9066.89
9064.11
9063.06
9060.14
9060.01
9059.93
9058.76
9058.02
9053.12
9052.79
9051.05
9049.86
9048.92
9045.88
9045.12
9044.08
9041.48
9041.28
9041.14
9041.07
9040.9
9039.75
9039.05
9038.05
9037.84
9037.76
9037.01
9036.87
9034.98
9034.69
9033.83
9033.4
9032.2
9031.36
9031.01
9030.12
9029.65
9029.22
9028.99
9027.63
9026.1
9025.17
9024.23
9023.37
9022.52
9021.93
9020.69
9018.79
9017.68
9017.38
9017.34
9015.27
9011.7
9011.07
9010.6
9010.21
9010.05
9008.71
9008.28
9007.96
9007.4
9006.81
9006.4
9005.8
9005.38
9004.95
9004.68
9004.1
9002.79
9002.61
9001.17
9000.39
8999.52
8997.65
8997.56
8995.62
8992.18
8991.89
8990.32
8989.59
8988.58
8985.06
8984.13
8983.39
8981.97
8981.84
8980.55
8979.41
8977.85
8977.03
8976.84
8973.63
8972.55
8971.59
8971.4
8971.28
8971.04
8968.39
8968.26
8967.82
8966.71
8963.56
8961.39
8961.21
8953.13
8952.87
8951.43
8951.21
8950.65
8949.14
8948.74
8948.33
8948.16
8946.86
8945.14
8944.62
8942.55
8939.73
8939.43
8937.54
8933.88
8933.15
8932.77
8931.88
8930.42
8928.03
8923.5
8920.66
8919.79
8918.71
8917.33
8917.2
8915.03
8912.35
8911.56
8911.54
8910.82
8910.52
8909.73
8904.8
8903.49
8903.0
8901.49
8900.7
8900.43
8900.4
8900.28
8899.03
8896.6
8895.6
8893.44
8892.23
8890.69
8889.82
8886.4
8882.74
8881.51
8880.89
8879.03
8878.75
8877.8
8877.01
8876.09
8873.06
8872.81
8868.39
8868.12
8866.47
8865.42
8864.67
8864.04
8862.8
8861.72
8861.02
8860.75
8859.74
8859.09
8856.22
8852.98
8850.63
8850.52
8850.38
8850.19
8848.23
8846.7
8845.47
8845.3
8843.34
8842.81
8842.47
8840.89
8839.46
8838.91
8838.66
8838.22
8837.66
8834.98
8834.37
8833.0
8830.89
8830.4
8829.7
8828.85
8828.57
8828.37
8828.29
8827.37
8826.07
8823.26
8822.39
8820.07
8819.51
8818.95
8818.64
8816.57
8815.74
8813.96
8812.98
8811.67
8811.54
8811.2
8811.19
8810.6
8810.09
8809.96
8809.94
8808.75
8808.05
8806.68
8805.26
8804.31
8804.15
8804.1
8804.07
8803.58
8802.77
8801.76
8801.15
8800.16
8798.68
8797.94
8796.89
8793.52
8792.1
8791.69
8790.37
8789.54
8789.4
8789.17
8789.03
8788.78
8788.29
8787.76
8787.16
8787.15
8786.32
8785.58
8784.53
8784.13
8783.39
8781.02
8780.46
8780.36
8779.05
8778.03
8776.76
8776.36
8775.23
8772.82
8772.79
8772.58
8771.82
8771.53
8771.46
8769.91
8768.98
8768.66
8768.65
8767.8
8767.58
8766.95
8765.56
8765.29
8765.07
8764.22
8763.93
8763.25
8762.04
8762.03
8759.6
8758.97
8758.31
8758.13
8756.79
8756.77
8755.85
8754.61
8754.49
8753.25
8752.47
8752.03
8751.99
8751.62
8751.25
8750.48
8748.75
8748.15
8747.03
8746.32
8745.03
8744.97
8743.9
8742.16
8740.71
8740.35
8740.03
8739.83
8738.21
8735.69
8731.93
8730.9
8729.71
8727.94
8726.43
8725.57
8723.6
8721.02
8720.78
8720.58
8720.45
8718.99
8718.91
8717.07
8716.95
8716.18
8715.49
8714.86
8714.13
8713.76
8711.27
8709.97
8709.94
8709.87
8709.51
8708.38
8707.37
8706.84
8706.54
8706.33
8702.89
8701.79
8701.37
8701.26
8701.0
8700.99
8700.39
8699.59
8698.79
8698.21
8696.29
8694.8
8693.25
8691.99
8691.88
8691.15
8691.1
8689.71
8686.5
8685.47
8685.0
8684.35
8683.96
8683.21
8682.69
8682.43
8682.1
8682.09
8681.76
8681.48
8681.24
8680.97
8679.42
8679.31
8678.87
8676.05
8675.53
8675.2
8673.14
8672.94
8672.45
8671.28
8666.04
8663.13
8661.01
8658.29
8657.98
8657.7
8656.33
8656.21
8655.91
8655.38
8654.94
8654.89
8654.67
8651.42
8651.15
8650.9
8646.47
8645.16
8642.86
8642.5
8641.97
8641.26
8640.15
8639.83
8638.38
8636.51
8635.47
8633.49
8628.87
8627.43
8627.42
8627.1
8627.0
8625.01
8622.53
8621.94
8621.76
8618.84
8618.74
8617.65
8616.95
8613.2
8612.83
8611.8
8611.45
8611.03
8607.8
8607.58
8606.02
8604.68
8603.75
8603.29
8603.07
8601.55
8600.57
8598.89
8597.95
8596.48
8595.99
8594.98
8594.23
8591.03
8590.01
8588.66
8588.5
8588.09
8586.5
8585.75
8583.0
8581.34
8580.62
8580.48
8579.11
8578.68
8578.59
8577.58
8576.79
8576.43
8575.46
8573.33
8572.81
8572.02
8570.18
8569.96
8568.97
8566.9
8566.42
8565.94
8564.77
8564.28
8563.86
8563.72
8562.16
8560.58
8559.31
8558.69
8557.45
8557.19
8556.55
8554.61
8552.83
8552.71
8549.33
8548.95
8547.38
8547.0
8546.49
8546.22
8545.89
8543.42
8541.99
8541.65
8538.73
8534.62
8533.17
8530.06
8527.36
8526.9
8526.86
8525.95
8525.13
8525.11
8524.36
8524.24
8523.72
8523.56
8523.27
8521.97
8520.5
8519.52
8518.93
8517.67
8514.93
8514.54
8513.17
8513.05
8512.96
8512.29
8511.07
8510.52
8509.04
8507.81
8507.62
8507.01
8506.39
8504.6
8503.09
8503.08
8501.07
8500.35
8500.12
8499.57
8499.0
8498.87
8498.67
8498.52
8498.52
8496.01
8491.8
8491.08
8490.69
8489.58
8489.52
8488.43
8488.33
8486.82
8483.37
8481.17
8479.68
8478.65
8477.06
8476.91
8476.45
8472.79
8472.22
8472.2
8472.09
8471.86
8471.4
8470.2
8468.95
8468.84
8467.93
8467.33
8465.03
8464.87
8464.6
8464.43
8464.36
8461.35
8461.18
8459.74
8459.71
8458.14
8456.7
8456.12
8455.23
8454.89
8454.53
8453.6
8453.24
8452.27
8451.56
8450.74
8448.74
8447.61
8446.5
8445.8
8445.47
8445.34
8444.33
8443.79
8443.76
8441.39
8441.27
8440.57
8440.31
8439.93
8438.74
8437.77
8436.44
8435.06
8434.33
8434.0
8433.95
8432.93
8432.55
8431.44
8430.58
8430.54
8429.65
8428.86
8428.55
8428.38
8427.61
8427.46
8426.47
8426.26
8425.99
8423.66
8422.99
8422.39
8422.18
8421.92
8421.45
8420.37
8419.62
8418.26
8418.18
8417.29
8415.69
8414.71
8413.95
8412.74
8412.73
8411.65
8410.23
8409.28
8408.17
8407.66
8407.14
8405.72
8405.71
8402.99
8402.71
8402.27
8400.06
8399.69
8399.61
8398.06
8396.68
8393.42
8393.38
8393.38
8392.74
8392.02
8391.4
8390.74
8389.22
8387.26
8386.84
8386.34
8386.17
8385.55
8383.5
8383.09
8382.61
8381.52
8379.33
8378.3
8377.07
8374.75
8369.28
8367.84
8367.64
8365.09
8364.66
8364.07
8363.09
8362.6
8362.23
8362.08
8361.21
8361.06
8360.49
8360.23
8357.92
8357.73
8357.09
8356.62
8356.04
8353.01
8352.49
8352.36
8352.13
8351.59
8349.6
8348.44
8348.16
8347.36
8346.0
8345.01
8342.75
8340.54
8339.75
8338.57
8338.42
8337.89
8337.46
8336.31
8331.53
8331.15
8330.26
8328.52
8328.17
8327.06
8326.42
8325.86
8323.52
8323.44
8322.13
8322.01
8321.96
8321.68
8320.86
8320.58
8319.17
8318.08
8316.43
8315.02
8314.14
8313.51
8312.97
8311.95
8311.64
8310.94
8308.88
8308.31
8308.14
8307.16
8306.9
8305.87
8303.9
8302.54
8301.23
8301.09
8297.93
8297.65
8297.57
8297.15
8296.9
8296.82
8294.88
8293.49
8292.4
8292.26
8292.16
8289.66
8289.19
8288.77
8287.4
8285.23
8283.63
8283.2
8282.68
8282.1
8279.66
8279.62
8279.04
8278.88
8275.89
8274.97
8274.67
8274.57
8273.68
8273.29
8272.4
8272.01
8271.69
8270.43
8270.01
8267.47
8266.22
8265.38
8265.03
8261.83
8260.03
8258.97
8258.97
8258.49
8258.37
8258.26
8257.49
8257.15
8255.42
8254.21
8253.52
8252.53
8252.19
8250.71
8249.42
8248.91
8248.77
8248.74
8246.83
8246.53
8243.2
8243.03
8242.92
8242.53
8242.32
8240.57
8239.81
8239.59
8238.05
8237.71
8236.98
8234.91
8232.54
8231.32
8230.83
8230.73
8230.17
8229.61
8228.57
8226.49
8226.08
8225.44
8224.79
8223.73
8222.42
8221.57
8221.41
8220.9
8220.21
8217.18
8216.22
8216.05
8215.4
8214.48
8213.54
8213.46
8212.74
8211.91
8210.43
8208.56
8207.61
8207.47
8206.83
8202.99
8202.19
8198.3
8198.08
8197.8
8197.37
8196.08
8195.65
8195.15
8194.05
8193.16
8191.59
8191.57
8191.11
8187.39
8186.7
8183.72
8181.77
8179.84
8178.06
8175.07
8174.27
8173.43
8171.98
8171.86
8167.11
8166.98
8164.72
8163.57
8162.16
8162.06
8161.29
8161.03
8160.56
8160.15
8159.08
8158.19
8156.23
8155.42
8155.37
8154.74
8152.49
8151.53
8151.35
8151.06
8150.85
8150.31
8147.37
8147.1
8146.94
8146.26
8146.25
8144.95
8144.02
8143.77
8143.76
8143.7
8142.11
8140.34
8137.64
8135.83
8135.79
8134.84
8134.76
8133.1
8131.21
8130.4
8129.84
8129.58
8129.14
8129.01
8128.6
8127.46
8127.2
8126.11
8126.11
8124.87
8123.6
8123.22
8122.91
8122.59
8120.84
8120.19
8119.72
8117.03
8116.29
8116.07
8115.52
8113.78
8113.63
8111.24
8109.18
8108.56
8108.2
8106.23
8103.07
8101.62
8101.04
8101.03
8100.22
8097.58
8097.39
8095.02
8094.72
8094.39
8092.66
8090.72
8090.49
8090.1
8090.0
8088.57
8088.56
8088.27
8087.18
8086.77
8085.92
8085.56
8085.31
8085.12
8085.02
8084.07
8082.75
8081.99
8081.45
8080.98
8080.84
8077.37
8077.3
8076.66
8076.49
8075.38
8075.12
8074.81
8074.36
8074.09
8074.01
8073.65
8073.38
8072.97
8072.57
8071.67
8064.5
8063.46
8061.76
8059.74
8059.47
8059.46
8059.22
8058.33
8057.96
8057.65
8056.02
8055.54
8052.25
8049.37
8048.35
8047.45
8047.23
8045.6
8044.06
8043.88
8043.62
8042.0
8041.69
8041.42
8041.35
8039.55
8038.66
8037.99
8037.34
8035.37
8035.14
8034.42
8031.59
8031.03
8030.52
8025.04
8024.57
8023.41
8023.25
8022.75
8022.28
8021.18
8020.97
8020.69
8020.28
8020.21
8019.29
8018.07
8016.06
8015.55
8014.76
8014.31
8010.66
8010.42
8008.79
8006.22
8006.15
8004.39
8003.3
8000.52
8000.46
8000.06
7999.86
7999.65
7999.34
7999.26
7998.5
7995.2
7994.75
7993.17
7992.98
7992.29
7990.68
7990.62
7990.36
7988.5
7988.44
7988.42
7986.01
7984.93
7984.11
7983.13
7982.01
7981.39
7980.84
7980.71
7980.53
7979.78
7979.08
7977.01
7976.57
7974.59
7973.95
7972.55
7971.46
7971.37
7969.73
7968.51
7967.61
7966.66
7966.18
7964.06
7963.99
7963.39
7963.39
7963.29
7962.63
7962.58
7962.42
7961.08
7959.69
7958.91
7958.66
7958.05
7955.97
7954.48
7954.27
7953.52
7952.32
7952.1
7951.71
7951.3
7950.6
7949.66
7949.11
7948.47
7948.41
7944.53
7944.42
7943.88
7942.93
7942.77
7942.38
7941.95
7941.38
7940.36
7940.33
7939.73
7939.15
7939.09
7935.16
7935.06
7935.05
7934.4
7933.08
7931.73
7931.24
7931.23
7930.65
7929.65
7928.71
7927.33
7925.06
7923.52
7922.73
7922.73
7920.07
7919.19
7917.67
7917.17
7916.33
7916.01
7915.67
7915.22
7914.62
7914.6
7913.13
7912.4
7911.99
7911.88
7911.27
7909.82
7909.66
7909.54
7908.19
7906.4
7904.63
7903.56
7901.27
7900.24
7896.45
7894.81
7894.63
7893.86
7893.66
7893.45
7892.13
7890.06
7889.29
7886.64
7886.01
7885.86
7885.44
7885.44
7885.22
7884.94
7884.89
7884.09
7881.36
7880.19
7879.81
7877.49
7877.27
7876.92
7874.82
7869.73
7868.73
7868.54
7868.48
7868.47
7867.38
7866.9
7865.58
7863.81
7863.5
7863.5
7863.39
7863.03
7861.76
7861.43
7858.65
7857.73
7856.5
7851.11
7849.23
7847.79
7847.42
7845.59
7843.63
7843.34
7842.27
7839.15
7838.55
7838.38
7837.63
7837.24
7836.8
7836.2
7834.92
7834.7
7833.54
7833.19
7831.94
7831.92
7829.37
7828.61
7826.69
7825.53
7824.47
7823.8
7823.56
7822.5
7821.86
7821.73
7819.78
7819.66
7818.17
7817.8
7816.23
7814.99
7813.86
7813.31
7813.2
7812.92
7811.41
7810.77
7810.73
7809.45
7809.33
7806.36
7803.63
7803.17
7802.91
7800.06
7799.97
7799.61
7799.23
7798.5
7797.2
7796.61
7795.47
7794.79
7794.65
7789.28
7788.85
7788.8
7786.31
7786.29
7785.94
7784.25
7784.18
7783.13
7781.78
7779.86
7779.75
7778.8
7777.48
7777.27
7777.04
7774.65
7774.32
7772.94
7770.86
7770.54
7768.64
7768.43
7767.73
7767.71
7767.1
7766.33
7764.53
7764.07
7763.09
7761.02
7760.98
7760.57
7760.32
7760.27
7759.53
7757.58
7756.59
7755.83
7755.55
7755.22
7754.88
7754.64
7754.49
7753.48
7752.71
7751.88
7750.5
7749.81
7749.37
7748.06
7747.7
7747.54
7746.9
7745.74
7744.68
7743.98
7743.82
7741.68
7741.53
7740.56
7740.48
7739.39
7738.97
7738.91
7738.43
7737.91
7737.85
7736.19
7734.98
7734.62
7734.09
7734.04
7733.11
7731.99
7731.51
7730.04
7729.53
7729.15
7728.78
7728.44
7723.54
7723.33
7723.12
7722.87
7722.61
7721.11
7719.88
7718.89
7718.68
7718.46
7717.55
7717.07
7716.35
7714.32
7714.26
7714.19
7713.74
7712.7
7711.67
7711.07
7709.97
7707.1
7705.5
7704.5
7702.68
7701.69
7701.35
7700.92
7699.09
7698.61
7698.51
7697.94
7696.41
7695.96
7695.48
7695.13
7694.43
7692.92
7690.6
7689.18
7689.11
7689.01
7686.64
7685.34
7684.51
7684.28
7683.91
7680.27
7679.29
7677.61
7677.25
7677.18
7675.55
7675.36
7674.72
7670.94
7670.13
7669.5
7668.28
7668.05
7666.93
7664.77
7664.43
7664.23
7663.92
7662.6
7661.52
7659.18
7656.4
7655.72
7652.5
7652.22
7650.9
7650.55
7648.51
7648.37
7647.96
7646.26
7645.73
7643.51
7643.19
7642.14
7640.93
7639.32
7638.81
7637.49
7637.03
7635.37
7634.61
7630.25
7629.91
7627.08
7626.0
7625.23
7623.34
7623.24
7623.17
7621.82
7620.71
7620.53
7619.6
7619.6
7619.22
7618.34
7617.98
7616.37
7615.65
7615.08
7613.91
7613.26
7612.56
7612.09
7611.6
7610.92
7610.82
7610.78
7610.56
7610.08
7609.49
7607.91
7607.49
7605.87
7605.87
7605.3
7605.18
7602.54
7600.82
7600.46
7600.44
7598.98
7598.96
7598.42
7597.3
7595.85
7594.66
7594.32
7593.7
7593.44
7590.33
7589.94
7589.92
7589.62
7589.55
7589.18
7589.12
7585.54
7584.94
7581.34
7581.01
7580.4
7579.39
7578.59
7574.41
7573.8
7573.04
7569.95
7568.8
7568.66
7567.43
7566.43
7564.51
7562.93
7561.68
7561.04
7560.53
7559.22
7558.32
7554.73
7553.9
7553.61
7553.02
7552.76
7552.17
7552.0
7551.06
7549.37
7547.44
7546.69
7546.69
7545.74
7544.8
7543.9
7542.53
7540.2
7539.86
7539.06
7538.84
7537.73
7537.07
7536.15
7536.03
7535.86
7532.93
7529.88
7529.46
7529.35
7529.07
7527.45
7527.39
7526.34
7525.13
7524.26
7523.54
7522.21
7520.07
7517.17
7513.14
7511.86
7511.06
7510.66
7509.24
7508.29
7506.83
7506.12
7505.37
7504.9
7504.63
7503.92
7501.3
7501.0
7500.68
7495.08
7493.0
7492.7
7490.55
7489.95
7489.79
7489.35
7489.21
7487.68
7487.22
7485.89
7484.35
7484.23
7483.93
7482.54
7482.13
7479.1
7477.01
7476.49
7476.45
7473.65
7472.81
7472.17
7471.65
7471.06
7470.34
7470.08
7469.82
7469.59
7468.64
7468.1
7467.64
7467.53
7464.07
7463.69
7461.98
7460.12
7459.81
7459.16
7458.35
7457.05
7456.45
7451.62
7449.99
7447.74
7447.1
7445.39
7445.29
7444.93
7443.47
7442.15
7440.68
7439.86
7438.73
7438.67
7437.99
7437.91
7437.49
7437.0
7436.68
7432.64
7430.16
7429.22
7428.77
7426.83
7426.5
7424.71
7424.63
7424.08
7423.16
7422.1
7421.42
7419.83
7419.66
7419.58
7418.03
7417.02
7414.37
7413.19
7409.85
7408.94
7408.11
7406.36
7404.21
7400.17
7398.0
7397.01
7394.5
7393.57
7393.51
7392.44
7388.33
7387.9
7385.76
7381.5
7379.73
7379.22
7378.49
7376.99
7376.8
7375.6
7374.74
7374.54
7373.39
7373.29
7372.82
7368.84
7366.53
7366.48
7366.2
7364.4
7363.93
7363.58
7362.6
7361.96
7361.57
7361.19
7360.27
7360.09
7359.83
7359.08
7359.03
7358.41
7357.1
7355.39
7352.26
7351.55
7351.23
7350.71
7350.63
7350.59
7349.84
7348.97
7348.94
7348.76
7348.31
7348.03
7347.89
7347.11
7346.91
7345.82
7345.53
7344.63
7339.36
7339.03
7338.83
7338.46
7337.05
7336.49
7335.72
7334.54
7333.64
7332.84
7330.05
7329.51
7328.94
7328.66
7328.55
7328.0
7326.42
7323.76
7323.56
7322.8
7321.15
7320.95
7320.54
7319.48
7319.42
7319.29
7319.2
7318.92
7317.05
7317.01
7315.03
7313.59
7313.33
7312.23
7311.66
7309.07
7307.96
7307.51
7306.77
7305.99
7305.4
7303.6
7301.99
7301.44
7298.98
7297.18
7295.49
7293.71
7291.87
7289.02
7287.33
7286.92
7286.49
7286.46
7285.38
7283.81
7281.85
7280.66
7279.83
7279.66
7278.64
7278.6
7278.28
7276.9
7275.05
7275.01
7274.76
7273.91
7273.72
7273.35
7270.6
7269.02
7268.4
7268.05
7266.5
7265.47
7264.86
7261.72
7260.09
7258.77
7258.54
7258.38
7257.97
7256.81
7255.16
7254.2
7254.15
7252.79
7250.19
7247.37
7243.57
7242.8
7242.53
7242.39
7240.89
7240.85
7239.0
7238.91
7238.5
7237.77
7236.15
7235.23
7233.46
7232.81
7231.02
7230.96
7230.43
7230.34
7230.0
7229.91
7229.55
7225.15
7224.94
7224.83
7220.98
7220.84
7220.56
7219.4
7218.99
7217.18
7214.68
7214.1
7213.94
7213.5
7213.49
7213.37
7213.31
7213.26
7213.08
7212.91
7209.82
7209.66
7209.3
7208.49
7207.7
7207.03
7206.89
7205.02
7204.92
7204.17
7203.03
7202.92
7202.67
7201.84
7201.62
7200.6
7198.77
7198.37
7198.29
7198.14
7197.38
7197.11
7196.44
7196.19
7196.17
7195.03
7193.51
7192.83
7191.56
7191.02
7190.15
7190.12
7190.01
7188.78
7188.54
7186.32
7183.96
7183.93
7183.7
7183.36
7182.49
7182.37
7179.93
7175.57
7174.81
7173.58
7173.17
7169.25
7168.32
7166.78
7164.84
7163.23
7161.25
7160.59
7158.95
7157.97
7157.58
7155.38
7154.92
7154.84
7154.48
7153.93
7153.35
7151.1
7151.09
7147.43
7146.53
7146.13
7146.13
7145.85
7144.32
7144.08
7142.98
7142.02
7141.34
7139.6
7139.13
7138.43
7138.23
7136.9
7135.7
7132.87
7131.83
7130.2
7127.23
7126.61
7126.32
7125.71
7123.48
7122.42
7121.47
7121.39
7120.68
7119.96
7119.16
7119.01
7116.21
7116.11
7115.42
7114.92
7113.9
7112.01
7111.26
7111.2
7111.12
7110.02
7109.33
7108.46
7108.06
7107.14
7103.37
7103.09
7102.7
7101.96
7100.92
7100.44
7099.65
7099.59
7098.02
7097.1
7096.78
7096.5
7096.2
7095.99
7095.22
7094.78
7094.66
7093.4
7093.34
7092.83
7092.69
7091.6
7090.38
7089.57
7088.59
7085.3
7085.13
7084.79
7080.34
7079.99
7075.29
7074.45
7074.0
7072.66
7072.18
7071.42
7069.3
7066.93
7066.66
7066.16
7064.79
7064.35
7064.31
7064.29
7063.86
7063.81
7063.42
7061.23
7061.1
7060.89
7060.61
7056.72
7054.32
7053.36
7052.64
7048.53
7048.27
7047.08
7044.57
7044.16
7043.84
7042.16
7041.41
7040.94
7040.11
7037.96
7037.82
7037.79
7036.65
7036.52
7035.32
7034.34
7034.26
7034.16
7033.97
7033.84
7033.1
7033.01
7032.79
7032.1
7031.9
7028.97
7026.71
7026.5
7026.01
7025.95
7023.44
7022.62
7021.62
7019.25
7018.58
7017.85
7016.34
7014.93
7014.37
7014.2
7012.18
7010.34
7010.12
7010.0
7009.39
7008.74
7006.99
7006.35
7002.22
7001.03
7000.83
6998.69
6998.66
6997.91
6997.83
6997.51
6995.07
6993.78
6992.13
6991.76
6991.55
6991.44
6989.07
6988.65
6986.57
6984.73
6983.62
6983.26
6981.96
6981.7
6980.39
6980.01
6979.86
6979.81
6979.46
6976.41
6976.02
6975.14
6974.69
6973.88
6972.83
6972.06
6972.0
6971.83
6971.26
6970.91
6970.32
6965.13
6963.95
6963.31
6963.3
6961.63
6961.45
6958.47
6956.85
6955.92
6955.05
6953.43
6952.51
6952.16
6951.98
6951.71
6951.0
6949.94
6949.84
6949.75
6949.68
6949.38
6948.52
6947.79
6946.73
6945.36
6945.1
6944.43
6944.09
6943.88
6942.88
6941.83
6941.46
6941.41
6940.05
6939.86
6938.88
6937.94
6936.46
6936.19
6933.03
6932.45
6929.58
6929.2
6927.17
6927.06
6926.01
6924.31
6924.28
6924.15
6924.04
6923.42
6922.68
6919.35
6915.69
6915.46
6914.1
6913.34
6913.09
6913.02
6912.14
6911.83
6910.7
6909.95
6909.45
6909.3
6908.46
6907.78
6906.48
6905.3
6904.29
6904.27
6903.68
6903.67
6901.33
6899.98
6892.87
6889.9
6889.85
6889.41
6888.98
6883.52
6883.09
6882.48
6882.39
6880.85
6876.72
6874.98
6871.73
6869.65
6869.64
6869.2
6868.65
6867.71
6865.26
6863.49
6863.48
6863.25
6863.24
6863.06
6862.23
6860.61
6858.53
6857.74
6856.73
6856.63
6855.22
6850.59
6850.33
6849.45
6849.19
6849.13
6845.57
6844.73
6843.77
6842.29
6841.27
6841.2
6839.23
6837.95
6837.51
6836.34
6836.27
6834.61
6834.18
6832.95
6831.73
6831.46
6831.07
6830.42
6829.66
6828.55
6828.55
6828.5
6827.12
6826.42
6825.92
6825.89
6825.28
6823.45
6823.25
6822.39
6821.48
6819.92
6819.84
6818.63
6817.9
6814.4
6812.68
6812.4
6811.41
6811.0
6810.2
6808.96
6808.42
6808.22
6806.42
6805.93
6805.79
6805.76
6805.6
6804.89
6800.47
6798.08
6797.54
6796.13
6796.05
6795.65
6795.19
6794.82
6794.11
6792.15
6791.77
6790.36
6790.25
6789.85
6789.75
6788.94
6788.57
6788.53
6787.6
6787.59
6786.93
6785.09
6784.34
6783.16
6779.61
6777.56
6776.29
6776.13
6775.13
6774.67
6774.57
6774.48
6772.09
6768.27
6768.15
6767.15
6766.97
6766.05
6764.27
6762.65
6762.58
6762.48
6762.13
6761.91
6761.22
6760.65
6756.82
6755.37
6755.03
6754.3
6753.58
6753.37
6751.75
6751.26
6749.42
6748.81
6746.64
6744.81
6744.43
6743.0
6742.35
6741.27
6740.71
6739.79
6738.76
6738.35
6736.62
6735.73
6733.89
6733.7
6731.62
6728.7
6727.91
6724.25
6723.53
6723.42
6722.55
6720.43
6715.89
6715.84
6715.59
6713.66
6712.28
6709.83
6709.59
6708.81
6707.9
6705.71
6704.37
6703.57
6703.25
6703.12
6702.72
6702.7
6702.08
6700.82
6699.33
6699.32
6698.71
6698.62
6698.16
6697.86
6697.53
6696.61
6695.71
6695.69
6694.35
6693.65
6692.11
6691.93
6688.31
6688.08
6685.78
6685.37
6684.42
6683.8
6682.34
6682.07
6681.35
6681.2
6680.24
6679.1
6678.82
6678.56
6678.51
6678.49
6676.86
6675.35
6675.07
6674.33
6672.43
6671.57
6666.53
6666.41
6665.94
6664.07
6663.4
6663.25
6661.95
6661.92
6661.86
6661.48
6659.29
6659.28
6658.67
6658.41
6657.24
6656.94
6655.97
6654.93
6653.89
6649.84
6649.81
6649.79
6648.87
6647.72
6646.75
6644.23
6643.24
6642.54
6640.92
6638.86
6638.66
6638.6
6638.06
6636.47
6633.84
6633.07
6632.17
6632.0
6631.31
6629.97
6629.52
6629.49
6626.33
6624.8
6624.27
6623.49
6623.05
6622.04
6620.89
6620.82
6619.88
6619.86
6619.19
6617.97
6617.88
6617.68
6616.72
6612.51
6610.33
6609.81
6607.67
6607.45
6606.96
6606.93
6606.47
6606.16
6605.68
6604.96
6604.44
6604.17
6601.26
6600.53
6600.31
6599.61
6598.35
6595.83
6595.39
6594.55
6593.17
6592.7
6590.32
6585.9
6585.72
6585.47
6584.38
6584.35
6583.64
6583.52
6583.11
6582.88
6582.87
6581.91
6579.56
6578.66
6578.02
6577.81
6577.74
6577.47
6577.27
6576.25
6573.95
6573.53
6572.21
6571.91
6571.45
6570.82
6570.77
6565.97
6565.24
6564.59
6564.02
6563.31
6563.1
6560.33
6560.24
6559.92
6559.87
6558.98
6558.85
6557.65
6555.06
6554.81
6554.67
6553.96
6553.89
6552.24
6551.62
6551.38
6551.37
6550.74
6549.91
6549.43
6549.37
6548.79
6547.99
6547.85
6547.06
6542.36
6537.39
6532.78
6531.26
6530.55
6530.22
6529.78
6529.42
6528.46
6528.3
6525.99
6525.73
6525.0
6524.67
6524.33
6524.2
6523.12
6522.73
6522.24
6522.18
6521.84
6521.37
6521.26
6521.21
6519.6
6518.45
6518.34
6518.03
6517.82
6517.4
6517.11
6514.73
6514.66
6514.33
6513.31
6512.76
6512.49
6511.86
6510.32
6509.61
6507.72
6507.44
6507.4
6507.22
6506.92
6503.54
6503.53
6503.26
6502.94
6499.71
6498.78
6497.82
6496.7
6494.84
6494.31
6494.25
6486.9
6486.18
6486.14
6483.01
6482.92
6482.39
6480.85
6479.24
6472.66
6470.26
6470.1
6468.03
6463.89
6463.6
6462.2
6460.91
6459.81
6459.17
6458.03
6457.22
6456.64
6456.06
6453.75
6452.9
6452.57
6452.1
6451.59
6451.02
6450.91
6450.74
6448.38
6445.96
6444.11
6440.95
6440.65
6439.38
6437.76
6436.1
6435.14
6434.86
6434.76
6433.18
6433.16
6433.06
6430.9
6430.37
6430.35
6428.75
6427.16
6425.18
6423.71
6423.05
6422.81
6422.62
6422.15
6421.74
6421.26
6421.03
6420.23
6419.94
6418.95
6418.79
6418.63
6417.77
6417.15
6415.79
6413.58
6411.76
6410.84
6410.51
6410.4
6409.77
6409.07
6409.07
6408.75
6407.32
6407.28
6406.37
6405.63
6405.08
6402.22
6402.12
6399.0
6397.95
6394.3
6393.96
6393.55
6393.5
6393.45
6393.02
6391.88
6390.56
6390.37
6390.15
6389.13
6388.46
6386.61
6386.15
6386.02
6379.8
6379.72
6376.95
6376.08
6375.2
6374.94
6374.65
6373.48
6373.29
6371.33
6370.32
6369.95
6365.47
6364.87
6363.43
6363.02
6363.01
6361.4
6360.85
6360.66
6358.88
6358.54
6358.07
6357.86
6357.47
6356.24
6354.16
6352.73
6352.72
6351.67
6351.59
6350.57
6349.86
6346.95
6346.22
6346.0
6345.41
6345.39
6344.67
6343.31
6343.0
6342.79
6339.76
6338.76
6338.42
6338.01
6337.6
6336.64
6331.84
6330.98
6330.57
6327.85
6327.73
6325.0
6324.27
6322.67
6321.66
6320.17
6320.16
6318.03
6317.98
6315.37
6312.7
6311.84
6311.25
6310.59
6309.74
6309.15
6308.65
6308.32
6307.22
6306.25
6305.75
6304.18
6304.11
6301.42
6300.78
6298.55
6298.32
6298.18
6296.53
6295.76
6295.47
6294.13
6292.33
6290.14
6289.77
6286.89
6284.06
6283.24
6279.94
6278.71
6277.62
6277.26
6277.08
6277.04
6275.03
6274.6
6274.52
6272.96
6270.46
6270.33
6269.07
6268.46
6265.45
6265.35
6264.75
6264.68
6264.4
6264.19
6262.89
6262.74
6262.55
6262.15
6261.33
6261.33
6260.66
6259.87
6259.84
6259.58
6259.34
6258.89
6257.94
6257.46
6255.03
6254.1
6253.44
6252.99
6251.9
6251.21
6250.68
6250.01
6249.83
6249.52
6249.36
6249.34
6249.31
6247.27
6247.24
6245.67
6244.12
6244.03
6243.85
6243.66
6242.25
6241.46
6238.35
6236.45
6235.34
6235.07
6235.06
6234.73
6234.36
6233.96
6233.9
6233.68
6231.71
6231.48
6231.42
6231.33
6230.54
6229.74
6229.44
6228.74
6226.07
6224.7
6224.23
6220.79
6220.4
6219.69
6219.26
6218.04
6217.4
6217.25
6217.17
6212.47
6212.44
6210.05
6208.96
6207.64
6207.13
6204.67
6203.82
6200.97
6200.49
6200.12
6198.5
6197.75
6197.64
6196.71
6196.37
6193.96
6192.99
6192.9
6192.74
6191.42
6191.36
6190.29
6189.17
6189.09
6188.43
6188.21
6187.74
6187.0
6185.33
6185.01
6183.75
6183.48
6182.04
6181.98
6181.34
6178.78
6178.69
6178.43
6178.41
6178.4
6177.4
6177.29
6177.09
6174.13
6172.77
6171.31
6169.2
6169.12
6169.08
6168.97
6168.5
6168.31
6167.67
6164.87
6164.86
6164.37
6163.67
6158.11
6158.05
6157.77
6157.32
6156.03
6153.94
6153.37
6148.6
6147.93
6147.2
6147.12
6146.78
6146.46
6146.43
6146.37
6145.27
6145.15
6144.61
6143.81
6141.69
6141.22
6140.34
6139.64
6138.57
6138.03
6137.53
6133.13
6132.36
6131.56
6128.67
6128.39
6126.12
6125.13
6124.45
6121.94
6120.2
6119.8
6118.12
6116.78
6115.36
6114.05
6114.0
6113.54
6113.52
6111.77
6111.7
6111.53
6108.61
6107.73
6107.43
6105.93
6102.49
6102.01
6101.53
6101.15
6099.8
6099.67
6099.5
6098.5
6097.99
6097.52
6097.49
6096.41
6096.26
6095.58
6095.47
6095.04
6094.26
6090.6
6089.85
6089.54
6089.52
6089.21
6088.88
6088.42
6087.94
6085.5
6084.53
6084.28
6084.27
6082.96
6082.83
6082.57
6082.52
6082.26
6081.99
6081.33
6080.87
6080.7
6080.24
6078.92
6078.23
6078.03
6073.82
6073.45
6071.06
6070.52
6069.73
6068.75
6066.39
6065.56
6065.41
6064.32
6063.16
6060.88
6060.45
6058.1
6058.02
6057.71
6057.54
6055.58
6054.38
6051.25
6050.16
6049.06
6045.48
6044.77
6042.7
6039.19
6037.42
6035.31
6034.9
6031.61
6030.27
6029.79
6029.63
6028.45
6025.55
6023.9
6022.68
6020.14
6019.15
6017.54
6017.11
6016.31
6015.72
6015.01
6014.31
6014.28
6011.61
6010.75
6010.69
6010.2
6009.95
6004.38
6002.41
6001.04
6000.99
5999.14
5998.97
5994.7
5993.41
5993.12
5992.68
5991.95
5991.71
5991.63
5991.28
5990.78
5990.73
5987.94
5987.19
5985.8
5984.85
5984.47
5983.48
5983.01
5981.98
5981.19
5980.71
5980.35
5979.66
5978.6
5978.39
5976.99
5975.5
5975.44
5973.8
5973.09
5973.04
5972.08
5971.23
5967.81
5967.28
5967.0
5966.85
5965.91
5965.27
5963.2
5960.98
5959.94
5959.65
5956.89
5956.06
5954.88
5954.05
5952.15
5951.05
5950.85
5949.51
5947.7
5947.56
5946.43
5941.95
5941.79
5940.51
5940.08
5939.32
5939.2
5937.79
5937.29
5936.87
5936.08
5935.53
5935.43
5934.63
5934.37
5932.38
5930.26
5929.72
5929.52
5929.26
5927.21
5927.05
5926.44
5926.34
5925.35
5924.94
5924.92
5922.6
5922.2
5921.85
5921.08
5920.1
5919.21
5916.79
5915.57
5915.49
5915.36
5915.07
5913.92
5913.74
5913.15
5913.07
5912.9
5910.25
5909.86
5909.8
5908.84
5906.72
5906.5
5906.08
5903.77
5903.72
5902.04
5900.16
5899.81
5899.39
5898.86
5897.55
5894.78
5894.58
5894.06
5893.72
5893.65
5892.51
5889.93
5889.53
5886.33
5885.69
5883.67
5879.85
5879.7
5878.74
5877.71
5876.98
5876.5
5876.44
5874.83
5874.65
5870.61
5869.97
5869.08
5866.15
5862.78
5862.02
5860.52
5858.38
5857.17
5856.32
5856.11
5855.37
5851.75
5850.33
5850.02
5848.23
5847.08
5846.46
5845.37
5845.25
5845.15
5843.87
5842.79
5842.78
5842.02
5840.53
5838.22
5836.96
5836.94
5836.68
5832.97
5824.87
5824.53
5823.49
5819.22
5818.48
5817.09
5816.67
5816.41
5816.24
5815.69
5814.67
5812.97
5812.31
5810.5
5809.89
5808.88
5807.77
5807.7
5806.88
5806.81
5806.2
5806.16
5804.62
5803.24
5801.81
5801.73
5801.67
5801.05
5800.75
5800.66
5798.17
5797.41
5797.16
5796.82
5796.7
5796.65
5796.59
5796.56
5793.93
5793.37
5792.63
5791.02
5789.41
5789.32
5789.22
5788.97
5788.9
5785.25
5783.59
5783.0
5778.42
5772.88
5771.83
5771.72
5769.64
5767.82
5767.81
5765.31
5764.62
5763.9
5763.44
5763.33
5762.32
5761.46
5761.29
5761.23
5761.1
5760.2
5759.42
5758.97
5757.44
5757.2
5756.77
5755.99
5755.73
5755.49
5754.67
5754.64
5754.31
5753.61
5752.73
5752.63
5752.32
5750.62
5750.44
5750.1
5748.11
5748.03
5747.84
5747.67
5746.76
5746.58
5746.42
5745.69
5745.05
5744.17
5743.36
5743.16
5742.99
5741.27
5740.11
5739.86
5739.67
5738.82
5738.48
5738.47
5737.48
5736.78
5736.04
5732.8
5729.69
5727.92
5727.28
5726.7
5725.46
5725.19
5724.47
5723.74
5720.7
5715.92
5714.61
5713.21
5712.24
5712.14
5710.77
5707.3
5706.86
5706.09
5705.66
5705.56
5704.76
5704.62
5704.59
5701.48
5700.8
5700.45
5699.8
5699.42
5699.12
5697.9
5697.33
5695.96
5693.79
5688.41
5687.8
5687.08
5684.83
5684.59
5684.38
5683.24
5681.99
5681.9
5681.81
5681.41
5680.76
5680.66
5680.64
5680.53
5679.64
5679.62
5679.4
5679.14
5678.89
5676.41
5674.83
5674.1
5673.94
5672.83
5672.51
5670.75
5670.39
5668.28
5667.73
5666.85
5663.88
5662.63
5657.21
5656.55
5656.27
5655.09
5653.35
5651.88
5650.76
5649.96
5648.14
5647.54
5645.08
5644.46
5644.23
5644.14
5643.0
5641.59
5641.19
5641.15
5640.18
5639.79
5639.52
5638.17
5635.37
5632.96
5630.57
5628.77
5628.0
5627.96
5627.54
5625.69
5625.27
5625.03
5621.54
5620.22
5618.87
5618.85
5616.44
5615.58
5615.32
5613.62
5611.37
5611.24
5610.55
5610.26
5609.69
5609.48
5607.88
5607.6
5607.5
5605.81
5605.48
5604.39
5602.84
5602.77
5602.12
5601.93
5601.5
5600.89
5599.04
5598.31
5597.29
5596.83
5596.43
5595.07
5594.84
5594.44
5593.97
5593.73
5593.32
5592.31
5590.73
5590.59
5587.69
5587.61
5587.5
5586.81
5586.37
5584.79
5584.16
5583.65
5583.65
5583.52
5583.14
5579.15
5578.8
5576.08
5575.0
5571.12
5569.44
5567.96
5567.68
5566.65
5560.13
5559.25
5558.91
5557.85
5554.95
5553.2
5552.3
5550.84
5550.71
5550.63
5550.03
5549.19
5549.08
5547.52
5546.47
5545.61
5544.93
5544.04
5543.79
5542.36
5541.09
5540.67
5539.63
5538.92
5538.04
5537.32
5536.71
5533.65
5533.37
5531.79
5531.04
5531.01
5530.49
5530.42
5530.18
5529.8
5529.04
5528.44
5527.18
5527.03
5526.41
5526.02
5525.44
5524.85
5524.07
5523.43
5522.93
5522.45
5522.17
5521.14
5520.62
5520.2
5519.64
5517.49
5516.36
5515.71
5515.28
5514.94
5513.77
5508.25
5508.04
5507.42
5507.2
5506.9
5505.65
5505.12
5503.66
5502.2
5501.58
5499.75
5499.69
5499.01
5498.21
5496.65
5494.05
5492.93
5492.29
5491.34
5491.1
5490.75
5490.13
5489.71
5488.57
5487.4
5486.34
5486.08
5484.76
5484.51
5482.43
5482.36
5481.7
5480.17
5479.9
5477.85
5477.41
5477.15
5476.86
5474.85
5473.57
5470.83
5470.35
5470.17
5468.21
5467.9
5467.7
5466.6
5466.46
5465.55
5465.49
5465.4
5463.5
5462.91
5462.78
5461.86
5459.33
5456.61
5456.6
5455.93
5454.94
5454.77
5454.62
5454.5
5453.27
5452.89
5450.74
5449.85
5448.85
5446.96
5444.45
5444.2
5443.62
5442.22
5441.31
5440.73
5439.88
5439.88
5439.1
5437.93
5436.95
5436.56
5434.76
5433.74
5432.59
5432.13
5431.51
5428.7
5427.92
5426.56
5426.43
5426.32
5425.07
5423.4
5423.04
5422.96
5422.02
5421.89
5421.56
5420.92
5418.53
5415.07
5413.8
5413.08
5412.34
5410.56
5409.96
5408.99
5408.79
5407.88
5407.02
5402.66
5402.44
5402.25
5402.03
5401.17
5400.98
5400.32
5399.38
5399.24
5398.54
5396.18
5395.49
5394.58
5394.07
5393.64
5392.28
5391.69
5389.26
5389.22
5388.88
5387.91
5386.63
5384.89
5384.15
5383.26
5383.26
5382.58
5380.8
5380.75
5380.73
5379.74
5376.64
5373.96
5373.67
5372.62
5371.81
5370.73
5370.29
5370.15
5368.41
5368.36
5368.26
5366.37
5366.36
5366.16
5365.82
5362.79
5362.29
5361.52
5360.98
5359.59
5358.01
5357.12
5356.73
5355.11
5354.72
5353.9
5353.66
5353.26
5352.7
5352.36
5352.09
5349.43
5349.35
5348.11
5347.3
5347.12
5347.07
5345.05
5343.67
5343.09
5342.71
5341.23
5341.14
5338.85
5338.37
5338.04
5337.94
5337.08
5337.03
5335.75
5332.64
5332.02
5329.8
5328.34
5328.05
5325.37
5324.0
5323.05
5322.53
5321.45
5320.96
5318.85
5318.28
5316.06
5314.46
5314.09
5313.5
5313.09
5312.58
5310.15
5308.96
5308.95
5308.77
5307.39
5307.36
5305.75
5305.64
5305.41
5304.74
5302.87
5301.81
5301.67
5301.5
5300.61
5300.56
5296.88
5296.33
5294.88
5291.5
5290.8
5289.45
5289.34
5288.28
5288.25
5287.51
5287.41
5286.63
5284.85
5282.27
5281.74
5279.64
5277.23
5276.67
5275.35
5275.33
5275.13
5273.52
5272.98
5271.12
5270.36
5268.82
5268.59
5266.72
5265.66
5265.62
5265.15
5263.48
5263.08
5262.7
5262.7
5262.7
5260.73
5260.48
5257.99
5257.76
5257.69
5257.4
5256.58
5254.04
5252.04
5251.55
5250.07
5240.78
5239.37
5238.34
5234.4
5232.71
5232.68
5231.31
5229.81
5227.49
5227.34
5227.04
5225.52
5225.39
5224.59
5224.06
5223.05
5222.99
5221.15
5220.99
5219.53
5219.31
5219.09
5217.61
5213.44
5211.64
5210.6
5209.79
5209.24
5207.78
5207.66
5207.63
5206.27
5205.72
5204.93
5204.84
5200.19
5199.17
5197.26
5196.26
5196.1
5196.07
5195.27
5193.44
5193.08
5191.68
5191.58
5191.49
5191.06
5190.85
5189.81
5189.17
5188.89
5188.32
5187.5
5187.26
5187.21
5185.59
5185.58
5185.36
5182.75
5181.52
5181.46
5181.08
5179.71
5179.41
5178.07
5177.93
5177.65
5177.64
5177.55
5177.44
5177.0
5176.9
5176.3
5175.87
5175.53
5174.7
5174.57
5173.22
5170.15
5169.03
5167.93
5167.88
5165.69
5165.25
5164.94
5164.32
5163.64
5163.53
5163.23
5161.55
5159.66
5159.58
5159.12
5159.12
5158.88
5157.97
5157.13
5154.71
5151.83
5149.73
5149.7
5149.01
5147.85
5147.64
5145.51
5145.09
5144.83
5144.14
5142.07
5140.46
5138.06
5137.31
5136.3
5135.54
5134.42
5133.65
5133.48
5133.4
5132.69
5132.18
5129.76
5129.43
5127.74
5126.61
5125.7
5125.64
5125.62
5124.52
5124.0
5121.66
5118.53
5117.64
5115.95
5115.93
5114.68
5114.39
5114.26
5114.02
5113.74
5113.07
5112.86
5111.03
5110.95
5110.16
5109.85
5109.7
5108.37
5108.18
5107.11
5105.3
5104.86
5104.7
5104.14
5103.67
5102.82
5101.27
5098.76
5098.68
5098.28
5097.99
5096.59
5096.01
5094.97
5094.75
5090.99
5090.5
5090.29
5089.86
5087.6
5086.53
5080.95
5079.33
5079.0
5079.0
5078.29
5075.3
5075.25
5073.52
5072.54
5072.52
5072.27
5071.87
5071.75
5069.44
5068.36
5067.6
5066.38
5065.25
5064.94
5064.21
5062.83
5059.84
5058.87
5057.24
5056.36
5056.06
5054.81
5054.64
5054.44
5054.2
5052.66
5051.94
5051.31
5048.01
5046.72
5046.43
5046.41
5046.24
5045.53
5045.32
5045.02
5044.56
5043.97
5037.58
5036.55
5036.11
5033.53
5032.58
5031.95
5030.58
5030.47
5030.44
5030.44
5029.89
5029.31
5028.88
5027.65
5027.52
5026.75
5026.36
5026.11
5025.57
5024.76
5022.7
5022.36
5018.73
5016.86
5015.82
5015.68
5015.19
5013.92
5013.86
5013.45
5011.83
5010.8
5007.93
5006.73
5006.69
5005.81
5005.47
5003.54
5002.59
4999.72
4997.95
4996.1
4995.35
4995.04
4994.25
4994.09
4993.76
4993.7
4993.05
4991.26
4990.65
4989.04
4989.0
4987.07
4986.68
4986.27
4982.61
4982.61
4978.98
4976.97
4975.85
4975.58
4974.99
4974.67
4973.44
4972.88
4971.61
4969.16
4969.01
4967.59
4967.16
4967.11
4967.05
4967.04
4966.54
4966.14
4964.62
4964.52
4964.5
4963.39
4961.79
4961.63
4960.77
4960.69
4958.2
4956.39
4955.96
4954.84
4952.5
4952.03
4951.88
4951.78
4950.32
4949.62
4948.57
4948.45
4948.17
4947.06
4945.67
4944.81
4944.65
4943.5
4941.48
4940.18
4939.98
4939.43
4939.13
4936.83
4936.8
4936.46
4936.18
4935.59
4932.97
4932.82
4932.71
4932.36
4932.16
4931.83
4931.76
4931.43
4931.36
4929.78
4926.51
4926.27
4924.29
4923.85
4921.74
4921.21
4918.37
4918.29
4917.36
4912.45
4912.26
4910.99
4908.92
4908.7
4908.47
4908.05
4907.82
4906.1
4905.02
4903.15
4901.51
4901.39
4900.09
4899.83
4899.09
4897.63
4897.56
4896.91
4896.41
4896.02
4893.3
4893.0
4892.48
4891.57
4889.17
4887.2
4886.38
4885.45
4885.09
4884.83
4884.47
4883.4
4883.24
4882.71
4880.31
4880.21
4879.64
4879.6
4876.88
4875.75
4875.25
4874.73
4874.36
4873.36
4872.54
4872.4
4871.3
4870.35
4870.08
4869.67
4868.02
4867.19
4866.15
4863.5
4862.5
4859.79
4859.13
4858.36
4857.25
4856.99
4856.61
4855.64
4855.18
4854.98
4854.37
4853.74
4849.92
4849.83
4847.0
4846.16
4845.44
4845.07
4844.33
4842.89
4842.7
4842.4
4839.01
4838.0
4837.48
4837.27
4836.97
4836.32
4834.78
4834.38
4834.22
4831.29
4829.76
4829.45
4826.96
4824.27
4824.04
4822.71
4822.01
4818.06
4815.35
4813.72
4813.33
4810.29
4809.0
4808.36
4807.96
4807.8
4805.48
4804.77
4803.38
4802.46
4802.18
4801.81
4801.48
4801.4
4801.29
4800.82
4800.32
4800.23
4799.0
4798.84
4796.29
4794.93
4793.95
4792.21
4791.17
4791.06
4789.51
4789.1
4788.76
4787.89
4786.1
4785.97
4784.27
4783.25
4782.89
4781.18
4780.78
4780.41
4778.08
4777.17
4776.2
4776.11
4775.89
4775.59
4774.11
4772.87
4772.34
4772.25
4772.16
4770.8
4769.86
4769.73
4768.83
4768.23
4767.54
4766.16
4763.29
4760.98
4760.65
4758.39
4758.25
4755.92
4755.71
4755.23
4755.19
4755.02
4754.94
4751.27
4751.03
4749.89
4749.37
4749.07
4748.31
4747.35
4747.17
4747.01
4746.74
4746.67
4746.37
4746.12
4745.87
4744.42
4743.78
4743.02
4738.62
4737.57
4737.11
4736.29
4735.76
4735.64
4734.75
4734.1
4732.78
4732.5
4731.24
4730.43
4728.13
4727.75
4727.1
4727.01
4725.71
4725.66
4723.63
4721.86
4720.72
4720.64
4720.39
4718.91
4717.83
4717.82
4716.32
4716.19
4715.75
4714.05
4713.37
4712.88
4712.69
4712.56
4711.84
4711.67
4710.19
4709.97
4709.39
4709.12
4708.47
4706.5
4705.07
4702.53
4702.15
4701.15
4700.97
4699.5
4697.06
4696.65
4695.08
4695.08
4693.13
4690.52
4688.85
4687.64
4687.34
4686.81
4685.48
4685.21
4684.16
4683.96
4682.27
4680.69
4680.16
4679.73
4679.45
4679.03
4678.98
4678.47
4677.49
4675.92
4675.42
4674.68
4674.54
4673.53
4673.01
4672.51
4671.56
4670.71
4669.57
4667.95
4667.68
4666.98
4666.9
4666.73
4665.12
4662.85
4661.93
4659.59
4659.33
4659.08
4657.34
4656.0
4655.37
4653.91
4652.73
4649.67
4648.78
4648.29
4646.65
4646.31
4645.65
4644.66
4643.18
4642.88
4642.73
4642.67
4641.82
4641.69
4638.17
4637.39
4634.71
4633.65
4632.69
4632.34
4630.01
4627.99
4626.48
4623.35
4622.76
4620.45
4620.2
4617.64
4617.6
4615.92
4615.62
4615.47
4612.15
4612.09
4611.47
4610.75
4610.58
4607.94
4607.76
4607.68
4607.2
4605.82
4604.9
4598.98
4596.79
4596.71
4594.26
4593.5
4590.33
4587.66
4586.13
4585.12
4585.05
4583.38
4581.55
4579.12
4572.77
4571.53
4569.06
4567.65
4567.34
4565.77
4563.85
4561.35
4555.86
4554.91
4552.4
4551.5
4550.9
4549.72
4546.39
4545.43
4545.34
4544.55
4542.84
4541.91
4541.77
4538.89
4537.89
4537.81
4537.44
4537.36
4536.71
4534.29
4533.89
4533.87
4531.28
4529.83
4529.2
4529.06
4528.15
4527.68
4527.4
4526.05
4525.03
4524.42
4523.89
4522.75
4522.17
4520.81
4520.8
4520.45
4520.12
4519.17
4517.29
4516.59
4515.27
4513.72
4513.66
4512.39
4510.99
4510.61
4505.76
4502.75
4502.23
4501.64
4501.54
4501.33
4501.04
4500.96
4500.86
4500.42
4499.77
4499.55
4499.01
4498.55
4498.31
4498.24
4492.4
4492.02
4490.98
4490.9
4490.72
4490.07
4489.62
4488.25
4487.21
4485.79
4485.51
4485.25
4484.78
4484.27
4483.09
4482.45
4482.1
4482.08
4480.05
4479.69
4478.37
4476.71
4476.46
4475.49
4473.57
4473.13
4472.38
4470.71
4466.99
4466.09
4464.23
4463.82
4463.15
4462.46
4461.5
4459.1
4458.72
4458.38
4457.54
4457.14
4454.59
4454.01
4453.45
4449.9
4449.56
4448.81
4447.7
4447.52
4444.68
4443.93
4442.5
4442.43
4441.66
4439.78
4439.66
4438.19
4438.11
4437.15
4436.76
4434.82
4433.56
4432.78
4432.55
4431.79
4431.5
4429.78
4429.28
4429.17
4426.41
4426.3
4426.3
4426.28
4426.08
4425.24
4424.02
4423.6
4422.81
4422.35
4420.56
4420.35
4420.12
4418.65
4418.33
4417.86
4417.72
4415.69
4415.49
4415.16
4414.54
4413.88
4412.97
4412.34
4411.26
4411.0
4410.58
4407.96
4406.95
4403.33
4402.28
4401.68
4401.45
4399.6
4398.63
4396.23
4395.96
4395.12
4394.53
4394.38
4394.22
4393.16
4392.48
4391.72
4390.89
4389.31
4388.56
4385.82
4384.96
4381.72
4381.61
4381.35
4380.99
4379.92
4379.48
4378.23
4378.17
4377.98
4377.49
4377.31
4375.14
4375.09
4373.9
4371.02
4370.52
4370.0
4368.95
4366.25
4363.7
4362.29
4361.1
4360.35
4359.9
4357.11
4356.85
4356.76
4355.16
4355.1
4354.63
4353.22
4351.54
4350.42
4350.06
4347.03
4346.43
4344.81
4343.14
4341.57
4339.11
4339.09
4339.03
4338.98
4338.53
4338.38
4338.2
4337.92
4337.59
4336.27
4336.1
4335.07
4333.83
4333.44
4332.44
4331.36
4329.85
4329.03
4328.66
4325.34
4322.54
4322.17
4322.15
4321.96
4321.71
4321.64
4318.34
4317.42
4315.22
4314.97
4314.8
4314.0
4313.78
4311.8
4311.09
4310.77
4310.16
4309.43
4305.93
4305.29
4305.23
4302.02
4301.83
4301.76
4301.23
4300.59
4299.82
4298.58
4294.74
4292.79
4292.02
4291.99
4289.16
4288.03
4287.85
4286.07
4285.58
4285.56
4284.79
4283.98
4281.07
4277.12
4274.93
4274.35
4273.77
4271.05
4270.25
4269.33
4269.29
4268.2
4267.29
4266.44
4266.2
4264.97
4261.85
4260.75
4260.59
4260.26
4258.19
4257.99
4257.47
4257.32
4256.94
4256.54
4256.41
4255.82
4255.78
4250.67
4245.16
4244.28
4243.83
4242.43
4241.7
4240.65
4239.78
4238.17
4236.32
4233.37
4232.75
4232.35
4231.98
4230.93
4230.51
4229.85
4229.73
4229.61
4229.45
4227.74
4227.69
4227.39
4226.69
4226.46
4225.9
4225.23
4223.19
4220.93
4220.31
4218.13
4216.86
4215.92
4215.67
4213.64
4211.62
4211.61
4209.37
4209.0
4207.77
4207.08
4206.22
4204.1
4203.87
4203.78
4203.62
4203.6
4203.42
4202.26
4201.3
4199.75
4199.1
4197.5
4196.6
4196.48
4195.65
4194.76
4194.12
4194.11
4193.54
4193.51
4190.15
4189.33
4189.2
4188.3
4188.04
4188.0
4187.93
4186.77
4183.85
4183.74
4183.57
4182.38
4179.94
4178.98
4178.46
4178.07
4177.71
4177.36
4177.24
4174.79
4172.68
4171.8
4171.6
4170.54
4166.27
4165.33
4163.02
4162.4
4161.27
4160.38
4159.76
4159.26
4159.07
4158.97
4158.52
4158.39
4157.67
4156.72
4156.17
4155.43
4153.91
4152.49
4151.11
4150.02
4148.13
4147.91
4146.07
4146.06
4145.51
4145.42
4144.7
4143.74
4141.76
4139.64
4137.68
4137.59
4137.46
4137.19
4135.83
4134.44
4134.11
4133.37
4133.27
4131.23
4130.86
4130.39
4129.99
4129.61
4128.86
4126.43
4124.77
4124.12
4123.26
4122.92
4121.39
4120.83
4118.08
4117.78
4117.71
4117.59
4116.53
4114.27
4112.77
4111.89
4111.65
4111.45
4109.32
4108.26
4106.25
4104.94
4103.69
4103.0
4102.42
4100.87
4098.19
4096.87
4096.76
4096.75
4094.64
4093.68
4091.85
4091.61
4091.55
4089.55
4088.74
4088.64
4088.23
4087.48
4087.41
4086.94
4086.73
4086.67
4086.05
4083.46
4080.11
4079.82
4078.08
4076.8
4075.64
4074.88
4074.81
4074.57
4073.88
4072.63
4072.52
4071.61
4065.85
4065.45
4062.06
4059.74
4059.43
4059.12
4058.92
4058.45
4056.21
4054.61
4054.53
4052.75
4052.19
4051.23
4050.65
4050.34
4049.77
4049.65
4049.28
4048.21
4046.25
4046.13
4045.23
4044.89
4043.76
4043.04
4043.01
4042.87
4042.18
4039.89
4038.13
4036.98
4036.65
4035.8
4033.4
4032.61
4031.79
4031.13
4029.25
4027.6
4027.34
4026.52
4024.16
4023.1
4022.79
4022.59
4022.36
4021.41
4020.98
4020.23
4019.25
4017.05
4016.97
4015.6
4015.56
4014.42
4014.38
4014.37
4012.63
4012.18
4009.54
4009.42
4006.93
4006.88
4006.86
4006.63
4005.95
4005.58
4005.46
4004.6
4004.57
4003.28
3999.85
3999.57
3998.16
3997.57
3996.86
3996.29
3996.27
3994.83
3993.32
3991.81
3991.71
3990.85
3988.35
3987.1
3984.87
3984.76
3984.33
3983.58
3983.37
3981.41
3981.16
3979.62
3978.32
3977.67
3969.18
3967.85
3967.23
3967.0
3966.12
3964.21
3961.95
3961.29
3958.81
3958.08
3957.34
3955.33
3954.48
3953.92
3953.27
3952.38
3952.32
3951.62
3950.49
3950.44
3950.14
3949.95
3948.98
3948.74
3948.32
3946.2
3945.21
3944.99
3942.77
3941.96
3940.63
3939.27
3939.04
3938.45
3937.42
3936.78
3933.56
3932.17
3931.39
3930.33
3927.81
3927.71
3926.75
3925.7
3925.01
3924.19
3922.26
3922.18
3921.14
3918.47
3916.51
3915.85
3914.8
3914.69
3914.64
3914.22
3914.06
3908.72
3908.66
3907.93
3906.02
3904.79
3904.13
3901.73
3900.56
3900.34
3898.46
3898.42
3898.28
3896.87
3894.53
3893.64
3892.3
3889.69
3889.45
3888.75
3888.56
3887.4
3886.64
3884.79
3884.31
3883.71
3881.32
3880.9
3880.27
3879.98
3879.59
3878.98
3878.95
3874.84
3873.88
3873.85
3873.4
3872.17
3869.8
3868.83
3868.74
3868.55
3867.51
3865.33
3863.01
3862.31
3859.89
3859.68
3859.11
3858.43
3856.64
3855.29
3854.85
3853.87
3852.35
3850.99
3849.26
3847.86
3847.42
3847.32
3845.86
3844.14
3843.64
3840.63
3839.93
3839.67
3838.48
3836.48
3835.06
3834.99
3834.04
3833.85
3833.03
3830.44
3829.76
3826.55
3825.11
3824.48
3823.97
3823.73
3821.59
3820.49
3819.61
3819.37
3819.1
3818.83
3818.0
3817.32
3815.08
3813.2
3812.1
3808.88
3807.57
3806.9
3806.09
3805.94
3805.87
3803.84
3803.38
3803.0
3802.85
3801.87
3800.93
3800.22
3798.38
3794.31
3792.58
3791.27
3790.65
3789.86
3786.95
3786.02
3785.21
3784.98
3784.38
3783.31
3782.53
3779.41
3778.55
3776.99
3776.94
3776.63
3776.58
3776.24
3776.03
3775.02
3774.1
3773.63
3772.32
3772.27
3771.49
3769.34
3769.18
3768.28
3766.54
3765.47
3764.77
3763.84
3763.66
3763.4
3763.25
3763.18
3762.32
3762.14
3761.85
3761.08
3760.18
3757.48
3757.22
3756.59
3756.34
3755.71
3753.49
3752.73
3752.5
3752.46
3752.32
3751.92
3751.67
3750.48
3750.31
3750.09
3749.48
3746.62
3746.01
3745.85
3744.62
3744.08
3743.79
3743.55
3743.12
3737.89
3737.58
3736.84
3736.72
3736.31
3735.96
3734.36
3732.36
3732.32
3732.31
3732.11
3731.89
3731.86
3731.21
3730.03
3729.38
3728.77
3727.78
3727.09
3723.48
3723.44
3719.91
3719.81
3719.4
3719.28
3718.88
3718.51
3718.5
3718.39
3716.81
3715.58
3714.39
3713.41
3711.9
3711.34
3711.33
3708.96
3708.87
3708.63
3708.47
3707.63
3707.24
3704.06
3700.7
3700.7
3700.25
3699.09
3698.31
3697.91
3696.65
3696.32
3695.93
3695.28
3693.31
3692.29
3691.51
3689.67
3688.89
3687.38
3686.83
3686.59
3685.67
3685.47
3684.88
3684.46
3681.07
3680.16
3679.32
3679.31
3677.93
3677.28
3676.8
3675.92
3675.7
3674.28
3673.8
3672.35
3672.16
3671.55
3670.38
3669.57
3669.15
3667.2
3667.18
3666.93
3666.18
3666.17
3665.59
3665.47
3665.34
3665.06
3664.29
3664.2
3661.15
3659.05
3658.48
3656.07
3653.9
3653.25
3653.19
3652.34
3651.52
3650.61
3649.83
3649.34
3649.26
3647.32
3646.18
3645.92
3644.58
3642.52
3641.76
3641.71
3641.02
3640.5
3639.56
3639.41
3636.62
3636.22
3635.53
3634.5
3633.16
3632.51
3631.46
3631.25
3630.63
3629.66
3628.38
3625.38
3624.85
3624.08
3621.52
3621.12
3619.68
3619.5
3614.98
3612.75
3611.62
3611.46
3611.0
3609.78
3608.85
3608.22
3607.63
3607.54
3607.51
3607.51
3606.47
3606.34
3605.86
3605.49
3605.11
3604.15
3601.37
3601.25
3600.85
3597.89
3597.73
3597.04
3597.01
3595.21
3594.59
3594.42
3592.76
3592.54
3591.32
3589.91
3586.66
3586.63
3586.01
3584.81
3584.8
3584.79
3582.43
3582.39
3582.12
3580.52
3580.41
3578.33
3577.23
3575.93
3575.75
3572.28
3569.87
3568.9
3568.04
3567.0
3566.71
3566.68
3565.9
3564.89
3564.0
3563.24
3562.92
3562.67
3562.17
3561.67
3560.37
3559.94
3559.41
3558.34
3557.97
3557.34
3556.34
3555.14
3554.98
3554.95
3554.81
3554.5
3552.53
3552.47
3551.87
3551.45
3551.23
3551.1
3550.73
3548.93
3548.59
3547.67
3547.29
3545.82
3545.38
3545.11
3544.46
3544.22
3544.07
3543.59
3542.71
3541.68
3539.78
3539.67
3539.03
3538.98
3538.86
3538.22
3537.31
3537.22
3537.16
3536.34
3534.5
3534.45
3533.32
3532.2
3530.99
3530.42
3525.64
3525.12
3524.87
3524.87
3524.36
3521.48
3518.93
3516.93
3515.42
3514.36
3514.13
3513.34
3513.24
3510.66
3510.62
3508.83
3507.53
3506.98
3506.82
3506.24
3505.52
3504.35
3504.15
3501.21
3499.52
3499.12
3496.39
3496.27
3496.1
3495.92
3494.28
3493.69
3493.57
3492.81
3492.56
3492.46
3490.21
3488.64
3488.58
3488.17
3487.84
3487.67
3487.32
3487.08
3482.47
3482.33
3482.2
3480.17
3479.07
3478.38
3477.97
3477.8
3477.14
3475.32
3473.64
3472.25
3470.56
3470.13
3469.67
3468.48
3467.68
3467.5
3466.78
3464.29
3462.5
3461.71
3459.42
3459.39
3459.19
3458.5
3457.56
3454.44
3453.39
3453.12
3450.16
3446.66
3446.09
3440.87
3440.66
3439.26
3437.78
3436.47
3435.1
3434.84
3434.27
3434.22
3433.66
3433.28
3431.21
3430.04
3429.59
3428.73
3428.36
3428.03
3427.79
3425.83
3425.73
3425.21
3424.68
3424.39
3424.14
3423.14
3421.54
3420.54
3419.65
3418.63
3418.6
3418.38
3417.77
3416.86
3415.74
3413.5
3413.11
3413.03
3411.18
3409.93
3407.14
3406.88
3406.46
3406.28
3404.82
3404.64
3401.67
3400.43
3399.34
3398.54
3398.16
3397.82
3395.82
3394.86
3393.35
3392.91
3392.37
3391.48
3390.91
3388.75
3387.62
3387.53
3385.66
3385.27
3384.7
3382.67
3382.54
3382.2
3380.97
3380.02
3379.72
3379.54
3378.42
3378.38
3378.36
3378.25
3377.37
3374.2
3373.58
3373.31
3373.21
3372.99
3369.68
3369.65
3367.9
3366.69
3365.89
3364.66
3362.1
3361.71
3361.65
3361.13
3358.62
3356.47
3356.31
3354.65
3354.11
3353.49
3352.66
3352.58
3351.22
3350.64
3350.3
3349.95
3349.78
3348.68
3346.74
3346.45
3344.79
3343.19
3341.9
3341.02
3336.88
3335.65
3332.19
3328.55
3324.76
3324.17
3323.36
3322.07
3321.95
3321.58
3319.61
3317.41
3316.55
3315.53
3313.06
3311.96
3311.68
3309.76
3308.59
3307.5
3307.18
3306.74
3305.82
3302.32
3301.89
3300.74
3300.14
3297.14
3296.46
3295.07
3293.74
3293.28
3293.04
3292.2
3289.02
3288.93
3286.49
3285.99
3284.91
3281.27
3278.71
3278.43
3276.74
3276.23
3276.18
3274.62
3274.49
3274.4
3273.92
3273.27
3269.45
3269.36
3268.7
3266.29
3266.01
3265.58
3263.78
3263.64
3263.39
3261.31
3260.52
3260.18
3260.11
3259.26
3257.82
3257.56
3256.24
3255.36
3251.69
3251.4
3251.17
3251.02
3249.41
3249.0
3248.74
3247.76
3247.75
3246.98
3246.51
3246.32
3244.16
3243.08
3242.55
3241.99
3240.43
3239.57
3239.36
3237.86
3237.68
3237.42
3237.28
3236.95
3230.69
3229.56
3228.69
3226.54
3226.38
3225.28
3223.91
3222.85
3222.05
3220.87
3220.08
3219.23
3219.05
3216.33
3216.02
3214.44
3214.23
3213.78
3212.41
3212.39
3212.35
3211.93
3211.46
3210.23
3209.34
3208.73
3207.73
3204.91
3204.14
3202.41
3202.24
3200.91
3200.58
3199.41
3197.36
3197.0
3196.62
3196.34
3196.17
3193.61
3193.47
3190.58
3188.98
3188.52
3187.89
3187.46
3187.21
3186.18
3183.91
3183.63
3182.15
3180.47
3177.67
3177.42
3177.29
3174.58
3174.28
3173.13
3172.97
3172.15
3171.14
3169.88
3169.72
3169.46
3169.26
3167.67
3166.61
3166.45
3165.77
3164.89
3164.85
3164.4
3164.11
3164.1
3163.92
3163.27
3162.27
3160.06
3159.56
3159.15
3158.96
3158.49
3155.37
3154.97
3151.75
3151.42
3151.31
3150.65
3147.61
3147.52
3147.15
3144.68
3144.61
3144.55
3142.49
3142.31
3141.64
3141.47
3141.04
3139.58
3139.05
3138.95
3138.85
3138.59
3138.38
3137.56
3137.13
3135.76
3134.89
3134.47
3132.43
3132.11
3130.6
3130.14
3130.06
3128.41
3127.65
3126.78
3126.76
3126.54
3125.16
3124.76
3122.52
3122.28
3122.21
3120.02
3119.79
3119.18
3117.92
3117.81
3116.35
3113.95
3113.32
3112.48
3111.88
3111.87
3110.34
3109.95
3109.27
3107.82
3107.13
3105.87
3103.63
3102.7
3102.47
3101.43
3101.24
3100.5
3097.86
3095.41
3095.05
3094.86
3094.83
3094.81
3094.81
3092.29
3090.8
3088.71
3086.36
3085.21
3082.79
3081.57
3077.88
3077.81
3077.5
3077.31
3077.07
3076.0
3075.54
3075.31
3073.78
3071.19
3070.9
3067.81
3064.95
3064.7
3060.48
3060.17
3060.13
3056.36
3055.86
3054.16
3053.51
3053.05
3053.05
3052.68
3052.58
3044.94
3044.21
3044.04
3041.07
3040.88
3039.7
3037.81
3033.04
3032.98
3032.81
3032.36
3031.85
3031.8
3030.75
3030.33
3029.2
3026.64
3026.06
3024.42
3023.48
3022.21
3020.61
3020.12
3015.98
3015.83
3015.83
3015.61
3014.62
3014.15
3013.29
3011.26
3011.01
3010.89
3010.5
3010.45
3010.12
3008.62
3007.81
3007.71
3007.04
3006.34
3005.99
3005.83
3004.56
3003.15
3003.07
3002.11
3001.56
3000.35
2999.67
2999.04
2997.85
2997.15
2996.32
2995.15
2995.11
2994.92
2993.45
2991.57
2989.29
2987.91
2985.31
2985.11
2983.59
2981.06
2980.21
2979.88
2978.46
2977.22
2975.85
2973.72
2973.72
2972.78
2971.9
2971.83
2970.72
2970.12
2968.99
2968.46
2967.96
2966.95
2966.2
2965.69
2964.47
2964.01
2963.89
2962.93
2962.81
2962.34
2960.67
2960.22
2960.11
2959.32
2957.48
2956.28
2956.25
2954.56
2951.32
2950.6
2950.24
2947.54
2947.34
2946.45
2946.4
2946.2
2945.7
2945.63
2944.58
2943.02
2942.7
2941.49
2938.87
2937.55
2936.34
2935.86
2935.34
2935.01
2934.15
2931.88
2931.3
2930.3
2930.03
2929.57
2927.12
2924.14
2923.96
2923.83
2923.07
2922.02
2921.4
2921.34
2920.91
2920.77
2920.35
2917.9
2913.41
2912.5
2911.59
2911.47
2910.66
2910.55
2909.1
2907.78
2907.76
2907.62
2907.32
2907.3
2906.97
2905.23
2904.71
2902.74
2902.43
2902.08
2901.23
2897.5
2895.4
2895.0
2894.98
2893.52
2893.15
2892.3
2891.98
2891.48
2889.51
2889.03
2889.01
2888.02
2887.96
2886.65
2886.55
2884.91
2884.8
2883.14
2882.37
2881.04
2880.97
2880.76
2880.12
2879.61
2878.93
2878.93
2878.76
2877.44
2876.58
2875.03
2874.44
2873.54
2873.07
2871.87
2870.1
2869.33
2867.97
2866.23
2865.64
2865.09
2864.62
2862.19
2861.44
2861.29
2860.86
2860.74
2860.3
2860.04
2859.68
2858.07
2857.79
2857.16
2857.08
2856.96
2854.36
2851.34
2847.81
2847.21
2845.33
2844.26
2842.84
2840.3
2839.72
2839.34
2834.9
2834.59
2833.12
2830.74
2827.9
2827.24
2826.65
2823.41
2822.43
2821.56
2821.16
2820.4
2818.55
2817.64
2816.62
2812.23
2812.07
2811.6
2809.29
2806.34
2805.7
2805.58
2804.09
2803.49
2802.81
2800.33
2800.13
2799.73
2794.65
2788.7
2787.29
2786.32
2785.99
2785.18
2785.17
2781.96
2781.72
2781.57
2781.43
2780.77
2780.75
2777.77
2777.49
2775.53
2775.09
2774.5
2773.06
2772.45
2771.91
2771.43
2770.91
2770.88
2770.63
2769.69
2768.99
2767.95
2767.9
2767.12
2766.28
2765.71
2765.64
2765.55
2765.32
2764.86
2761.39
2761.17
2761.14
2760.68
2760.17
2759.82
2758.95
2758.01
2757.26
2755.47
2754.88
2753.02
2752.7
2751.64
2751.36
2750.57
2748.44
2746.88
2745.34
2744.71
2744.1
2742.11
2742.05
2741.9
2739.98
2737.53
2737.34
2735.3
2733.66
2732.97
2730.98
2730.41
2728.37
2727.16
2726.48
2724.57
2723.26
2723.16
2723.02
2721.73
2721.61
2718.61
2718.36
2715.14
2714.48
2711.52
2711.02
2710.73
2710.04
2708.95
2708.56
2705.31
2702.43
2699.64
2699.26
2698.88
2698.52
2697.82
2695.44
2695.29
2694.29
2694.23
2692.17
2691.85
2691.47
2690.75
2688.32
2687.87
2686.37
2686.14
2684.96
2684.47
2683.63
2683.49
2681.42
2680.14
2679.02
2678.22
2677.6
2675.33
2672.44
2672.33
2672.24
2670.7
2669.4
2669.05
2668.43
2667.28
2664.09
2663.98
2663.29
2662.97
2661.91
2661.73
2660.1
2659.96
2659.63
2655.99
2655.95
2654.37
2652.57
2652.46
2651.83
2651.48
2649.55
2648.99
2647.67
2647.57
2647.17
2642.17
2640.62
2639.84
2633.51
2631.98
2631.96
2630.42
2626.89
2626.05
2625.03
2624.97
2620.98
2617.34
2616.3
2612.17
2610.59
2610.19
2609.99
2608.57
2606.39
2606.12
2604.62
2603.01
2601.11
2600.15
2599.33
2598.66
2598.49
2589.8
2588.37
2587.13
2586.67
2586.48
2585.42
2585.18
2584.46
2584.03
2583.17
2579.65
2578.05
2577.23
2575.7
2575.28
2575.16
2574.8
2573.48
2572.68
2571.49
2569.84
2569.71
2569.38
2567.71
2564.12
2563.69
2562.83
2561.96
2561.32
2560.15
2560.06
2558.47
2557.09
2553.92
2550.23
2549.72
2549.17
2549.05
2548.73
2548.47
2547.75
2547.04
2546.63
2544.91
2544.18
2543.55
2543.34
2541.08
2540.78
2540.61
2536.49
2535.31
2534.49
2534.14
2530.25
2528.67
2528.15
2526.46
2524.42
2522.49
2519.36
2518.87
2518.24
2517.89
2517.74
2516.13
2513.96
2513.9
2513.55
2513.07
2511.94
2511.92
2508.86
2507.6
2507.37
2506.84
2505.55
2504.94
2502.22
2500.78
2500.33
2498.14
2498.0
2495.54
2494.5
2493.59
2492.11
2489.81
2488.77
2488.67
2488.21
2487.91
2487.84
2486.99
2486.44
2483.95
2483.3
2478.5
2477.5
2477.31
2477.12
2476.76
2476.59
2476.42
2476.02
2474.14
2473.82
2471.32
2471.18
2470.88
2470.33
2468.42
2464.36
2463.79
2463.58
2461.7
2460.51
2459.71
2459.69
2458.55
2458.15
2458.08
2457.88
2457.68
2455.35
2455.15
2453.81
2449.47
2449.11
2447.03
2446.08
2445.75
2445.59
2444.9
2440.27
2440.13
2439.56
2438.21
2437.71
2436.33
2436.14
2435.76
2435.33
2435.21
2434.47
2433.84
2432.46
2432.16
2430.87
2430.46
2429.92
2429.63
2429.12
2428.86
2428.71
2427.04
2425.46
2425.37
2423.98
2423.77
2421.76
2421.63
2420.84
2420.43
2419.68
2419.27
2418.24
2417.98
2416.87
2416.48
2416.19
2413.68
2413.11
2412.27
2412.04
2411.65
2410.33
2409.61
2409.28
2408.66
2407.41
2406.93
2405.18
2404.69
2404.09
2403.86
2402.85
2401.59
2399.84
2399.36
2397.95
2395.71
2392.74
2392.0
2390.32
2386.92
2386.18
2385.71
2385.26
2383.82
2383.72
2382.7
2382.68
2381.5
2381.36
2381.1
2380.71
2379.31
2379.17
2378.21
2377.88
2377.71
2376.21
2375.97
2374.51
2374.32
2374.0
2373.2
2372.54
2371.34
2370.16
2368.34
2366.32
2363.68
2363.37
2362.8
2362.69
2361.98
2361.24
2361.18
2360.97
2360.25
2359.5
2355.6
2354.06
2353.07
2352.35
2350.72
2349.66
2349.06
2348.36
2346.95
2345.97
2345.15
2344.67
2344.66
2344.06
2342.51
2340.27
2339.48
2335.12
2332.99
2327.63
2326.85
2326.54
2325.34
2323.89
2323.24
2322.27
2321.51
2321.49
2321.19
2314.2
2313.65
2312.59
2311.96
2311.01
2310.93
2309.27
2307.86
2304.59
2304.58
2303.86
2303.83
2303.63
2302.93
2302.88
2302.19
2301.32
2299.73
2299.2
2299.09
2298.98
2297.5
2297.38
2295.27
2294.1
2292.55
2292.22
2290.01
2288.34
2287.99
2285.24
2285.13
2284.21
2282.35
2281.45
2280.05
2279.3
2279.28
2277.21
2277.15
2276.55
2274.69
2273.73
2269.39
2269.16
2269.05
2268.42
2267.17
2266.54
2265.97
2265.74
2265.4
2264.52
2263.89
2263.56
2263.16
2262.77
2262.26
2262.17
2261.85
2259.01
2258.11
2256.25
2256.02
2255.58
2254.43
2253.99
2251.39
2250.07
2249.71
2248.05
2247.5
2247.37
2246.54
2245.15
2243.9
2243.32
2242.29
2241.19
2237.95
2237.33
2235.52
2234.48
2234.43
2234.02
2232.09
2228.1
2227.1
2226.34
2225.82
2224.89
2222.01
2221.1
2221.09
2219.16
2218.07
2217.7
2217.21
2216.25
2216.01
2213.98
2211.26
2208.37
2206.04
2205.34
2203.51
2203.28
2203.18
2202.89
2202.76
2201.69
2201.34
2197.95
2196.23
2195.71
2194.69
2194.54
2193.87
2193.48
2192.15
2186.79
2186.61
2182.96
2182.69
2182.12
2181.34
2181.09
2179.8
2179.5
2178.78
2178.0
2175.27
2174.39
2173.66
2173.25
2172.85
2171.05
2169.98
2167.55
2166.77
2166.31
2165.27
2163.76
2161.86
2161.49
2160.75
2159.83
2157.09
2155.66
2153.86
2152.5
2149.58
2148.43
2147.82
2147.27
2144.11
2144.06
2144.0
2141.6
2141.27
2140.19
2139.7
2138.48
2138.32
2136.41
2135.7
2133.95
2133.3
2131.33
2130.8
2130.4
2129.48
2123.91
2122.83
2121.29
2119.47
2116.99
2116.75
2116.15
2115.67
2115.42
2114.85
2113.88
2112.04
2109.89
2107.89
2107.34
2106.84
2104.89
2104.64
2104.26
2103.88
2102.72
2099.87
2099.77
2098.66
2098.09
2097.21
2096.54
2096.5
2094.96
2094.03
2092.75
2092.21
2092.05
2092.01
2090.95
2087.45
2085.61
2082.25
2082.07
2080.88
2078.89
2077.95
2077.6
2077.07
2077.05
2075.6
2075.37
2075.36
2075.35
2074.99
2074.98
2073.77
2073.15
2072.7
2072.32
2071.76
2071.76
2069.91
2068.61
2066.06
2065.6
2065.51
2064.0
2063.55
2062.06
2061.79
2060.06
2056.9
2055.99
2055.44
2055.41
2055.22
2055.14
2054.74
2054.62
2054.16
2054.11
2053.72
2052.24
2048.6
2046.76
2046.75
2046.51
2045.52
2045.44
2043.6
2043.57
2043.42
2040.4
2039.9
2039.4
2038.9
2037.9
2035.44
2034.48
2032.98
2032.42
2032.32
2032.29
2032.2
2030.68
2030.53
2029.89
2027.51
2025.63
2023.16
2023.09
2022.48
2022.15
2021.28
2020.47
2020.23
2018.55
2017.74
2016.03
2016.02
2015.21
2015.06
2014.45
2014.23
2013.69
2013.22
2013.07
2012.29
2010.94
2010.84
2010.49
2010.31
2010.12
2008.5
2006.37
2006.11
2005.29
2002.97
2000.99
2000.97
2000.08
1999.96
1995.58
1995.18
1995.0
1993.9
1993.79
1989.69
1989.14
1987.32
1983.91
1983.57
1982.6
1981.07
1981.02
1980.25
1976.12
1975.77
1975.76
1974.45
1974.3
1971.98
1971.6
1971.55
1971.15
1968.86
1968.6
1968.58
1968.13
1967.87
1967.72
1967.66
1966.43
1966.32
1965.15
1965.0
1964.84
1964.82
1964.49
1963.02
1962.96
1962.44
1961.97
1961.97
1960.23
1955.57
1954.71
1954.23
1953.9
1953.67
1953.37
1953.11
1952.65
1951.23
1947.77
1945.26
1944.32
1944.16
1942.43
1942.31
1942.06
1941.8
1941.44
1940.66
1940.46
1939.42
1937.57
1937.36
1936.5
1936.26
1936.19
1935.72
1934.75
1932.26
1931.33
1930.79
1930.57
1930.37
1930.32
1928.52
1928.15
1926.11
1921.08
1920.48
1917.04
1916.97
1916.77
1916.46
1915.7
1914.46
1914.11
1911.51
1910.8
1910.14
1908.03
1907.59
1907.54
1906.87
1905.17
1903.7
1903.51
1901.74
1900.63
1900.18
1899.62
1899.53
1899.3
1897.21
1896.46
1890.7
1889.97
1888.49
1888.39
1887.09
1886.94
1886.25
1883.83
1881.32
1880.49
1880.23
1876.01
1872.14
1871.66
1871.18
1871.1
1868.84
1868.52
1867.88
1867.64
1866.42
1865.65
1865.61
1865.55
1865.2
1864.52
1861.57
1861.49
1859.22
1858.47
1857.06
1856.82
1856.21
1855.53
1854.05
1849.59
1849.56
1849.42
1847.96
1847.59
1845.16
1844.96
1843.84
1843.65
1843.18
1842.45
1841.81
1841.27
1840.24
1839.15
1838.9
1837.67
1835.56
1835.4
1835.14
1834.0
1832.87
1832.78
1832.7
1831.02
1829.96
1829.73
1825.13
1823.67
1823.59
1822.65
1822.28
1821.82
1821.09
1819.8
1818.92
1817.97
1817.65
1817.14
1816.77
1814.48
1808.74
1807.66
1806.61
1803.37
1802.81
1801.84
1800.6
1800.59
1799.89
1797.24
1797.07
1796.57
1795.34
1794.18
1793.83
1793.09
1792.63
1789.47
1789.31
1784.76
1783.86
1783.28
1781.78
1781.29
1779.55
1776.94
1776.5
1775.87
1775.06
1774.32
1774.29
1773.05
1772.78
1770.67
1770.29
1769.93
1769.45
1768.45
1768.1
1767.92
1767.32
1765.65
1765.48
1764.24
1758.59
1757.87
1757.26
1757.23
1756.45
1755.31
1753.54
1751.73
1750.91
1750.71
1748.12
1746.18
1745.33
1743.6
1742.47
1741.19
1740.34
1738.36
1736.86
1736.69
1736.29
1735.31
1733.4
1733.08
1732.23
1730.14
1726.91
1724.52
1724.43
1723.64
1722.89
1722.51
1722.16
1721.92
1720.02
1719.41
1719.27
1715.02
1714.78
1713.5
1713.49
1712.39
1710.91
1710.34
1710.06
1709.99
1709.77
1709.59
1709.29
1708.81
1708.5
1706.9
1706.87
1706.25
1705.26
1703.95
1702.69
1701.43
1701.39
1700.83
1699.85
1698.5
1697.84
1697.34
1694.79
1693.98
1693.9
1693.28
1690.44
1689.35
1688.72
1688.45
1688.31
1687.34
1687.19
1685.77
1685.76
1685.26
1681.3
1680.76
1680.55
1676.61
1676.51
1676.22
1673.87
1673.47
1673.23
1671.35
1670.53
1670.45
1668.05
1667.96
1667.61
1666.65
1666.16
1664.93
1664.57
1664.52
1664.52
1663.52
1663.15
1661.48
1661.37
1659.99
1659.89
1659.83
1659.8
1659.79
1658.32
1658.09
1657.76
1654.81
1654.25
1654.24
1653.63
1652.49
1651.84
1649.79
1646.37
1645.99
1644.08
1643.13
1642.98
1642.78
1641.33
1640.46
1638.66
1637.33
1636.1
1634.51
1634.37
1634.32
1634.19
1634.17
1633.34
1633.13
1632.12
1631.0
1630.08
1628.78
1628.74
1625.91
1625.68
1625.54
1624.43
1621.36
1620.32
1619.99
1619.3
1615.52
1614.48
1614.2
1613.98
1613.6
1612.96
1612.58
1612.19
1610.24
1608.53
1608.44
1606.09
1605.28
1605.17
1603.24
1601.7
1600.44
1600.28
1600.15
1599.95
1597.28
1596.9
1596.81
1595.81
1594.45
1594.3
1593.73
1593.52
1592.64
1592.27
1590.9
1590.8
1590.78
1590.45
1586.88
1586.69
1586.36
1586.07
1584.99
1584.62
1584.55
1584.48
1582.69
1581.92
1580.98
1577.16
1576.91
1576.0
1575.68
1573.84
1573.56
1572.99
1572.7
1571.66
1571.37
1570.62
1567.23
1566.55
1565.95
1563.75
1563.18
1562.08
1560.19
1558.48
1558.34
1558.33
1557.85
1557.33
1555.21
1554.66
1554.34
1552.03
1550.75
1550.35
1550.33
1549.75
1549.71
1548.88
1548.41
1548.36
1548.14
1547.36
1546.84
1543.87
1542.79
1542.26
1540.68
1540.63
1540.14
1539.82
1538.68
1537.81
1536.83
1535.31
1535.25
1535.15
1535.15
1534.92
1534.87
1533.16
1532.73
1530.76
1528.5
1525.1
1524.62
1524.49
1524.41
1522.22
1522.08
1521.7
1520.03
1519.07
1518.76
1518.63
1518.28
1517.59
1515.48
1513.23
1511.2
1510.76
1510.33
1509.49
1509.48
1508.4
1508.02
1506.55
1506.22
1505.85
1504.82
1504.8
1504.04
1503.23
1503.23
1499.93
1498.35
1497.67
1496.33
1496.21
1496.0
1495.28
1494.59
1491.36
1490.53
1489.38
1485.72
1484.14
1483.55
1482.48
1478.85
1478.6
1478.03
1477.22
1476.06
1474.77
1474.7
1474.57
1473.78
1470.5
1468.61
1468.33
1467.84
1464.21
1464.04
1464.0
1463.05
1462.9
1462.66
1459.13
1458.38
1457.99
1457.4
1457.22
1456.95
1456.77
1456.76
1456.52
1456.37
1455.53
1455.27
1454.71
1454.42
1453.38
1453.29
1452.33
1451.28
1450.83
1450.66
1449.29
1446.74
1446.57
1446.32
1445.68
1445.28
1442.77
1441.28
1440.19
1437.65
1437.4
1437.02
1435.68
1433.93
1433.41
1431.21
1430.61
1429.82
1428.6
1428.32
1428.1
1427.7
1427.27
1425.25
1424.11
1423.38
1421.98
1421.57
1421.01
1418.92
1418.5
1417.84
1416.25
1416.08
1414.63
1414.42
1414.3
1414.22
1411.14
1410.92
1409.87
1409.04
1407.14
1406.85
1406.64
1406.46
1405.53
1405.4
1395.21
1393.82
1392.62
1392.62
1391.53
1390.82
1390.32
1389.97
1389.3
1387.08
1386.88
1386.82
1386.27
1386.2
1385.85
1385.54
1384.54
1384.4
1384.36
1382.73
1381.73
1378.98
1377.41
1376.0
1375.33
1373.99
1373.94
1372.4
1371.61
1370.69
1370.68
1370.21
1369.96
1368.36
1368.34
1367.39
1365.38
1364.57
1364.34
1360.14
1359.22
1358.82
1358.46
1357.99
1357.2
1355.77
1355.45
1355.25
1351.29
1351.15
1350.54
1349.57
1348.56
1348.23
1348.15
1347.78
1346.1
1345.04
1345.04
1344.61
1344.07
1343.29
1342.28
1341.67
1340.62
1340.21
1339.58
1339.14
1338.73
1338.4
1337.07
1336.95
1336.52
1334.89
1334.88
1333.45
1326.3
1324.11
1324.0
1323.15
1320.86
1320.05
1319.23
1318.09
1318.05
1316.66
1314.7
1310.85
1309.68
1309.39
1309.25
1304.88
1304.65
1304.48
1304.0
1301.26
1300.29
1299.03
1298.35
1296.89
1295.58
1293.29
1293.04
1292.45
1291.48
1288.94
1286.65
1286.18
1285.57
1281.42
1280.54
1280.48
1279.44
1277.13
1276.83
1274.75
1273.78
1271.85
1270.17
1269.64
1269.16
1265.49
1265.12
1264.95
1264.94
1264.01
1260.39
1260.3
1259.77
1259.27
1259.25
1257.98
1256.58
1254.77
1253.06
1252.91
1252.67
1251.44
1250.22
1245.84
1244.7
1243.11
1242.94
1242.1
1241.14
1240.42
1240.12
1239.58
1238.57
1238.09
1237.09
1236.74
1235.95
1235.86
1233.29
1232.76
1232.73
1232.41
1228.82
1228.4
1228.09
1227.03
1226.98
1226.86
1226.81
1225.91
1224.83
1224.03
1221.9
1219.01
1218.54
1215.4
1215.26
1213.8
1212.28
1211.77
1211.09
1210.4
1210.04
1209.87
1209.76
1209.76
1208.66
1207.21
1206.4
1205.32
1204.76
1204.54
1203.49
1202.15
1202.07
1200.62
1200.38
1197.52
1196.03
1194.85
1193.78
1193.51
1192.36
1188.45
1188.25
1188.14
1188.08
1185.38
1183.64
1181.66
1181.59
1180.71
1179.03
1178.91
1178.71
1178.36
1178.07
1177.63
1177.47
1175.44
1174.1
1173.21
1172.34
1172.17
1171.92
1171.84
1171.32
1170.55
1170.14
1168.86
1167.87
1166.92
1166.77
1165.54
1165.02
1164.83
1164.5
1164.12
1162.44
1162.12
1161.82
1159.38
1158.72
1158.72
1157.6
1157.18
1156.86
1156.86
1156.52
1156.3
1155.57
1152.73
1152.27
1150.78
1150.61
1150.03
1149.92
1147.53
1143.31
1141.9
1141.03
1140.43
1138.64
1136.85
1136.71
1136.55
1132.9
1132.02
1132.01
1129.88
1129.55
1129.31
1127.94
1126.91
1126.32
1126.28
1125.95
1125.61
1125.46
1124.93
1122.29
1120.49
1119.76
1118.66
1118.65
1118.02
1117.19
1117.11
1116.92
1114.99
1114.04
1113.83
1113.8
1113.67
1109.75
1109.05
1107.26
1107.17
1106.19
1105.66
1105.42
1104.68
1104.19
1103.88
1103.58
1102.22
1100.49
1100.37
1099.7
1098.63
1098.3
1095.41
1095.11
1094.21
1093.43
1093.4
1092.74
1092.74
1092.67
1088.31
1088.02
1086.9
1086.67
1086.33
1086.01
1085.2
1084.57
1083.87
1083.67
1082.05
1080.25
1080.22
1079.61
1078.93
1078.52
1078.31
1078.03
1077.94
1077.79
1073.27
1072.79
1072.14
1072.11
1071.77
1071.6
1068.97
1068.34
1066.27
1066.01
1065.04
1063.49
1060.78
1060.71
1060.03
1059.16
1059.12
1058.82
1058.2
1057.78
1056.91
1055.48
1055.0
1054.49
1053.73
1052.59
1052.36
1051.9
1051.7
1048.74
1046.79
1046.62
1046.39
1046.3
1046.02
1045.84
1044.55
1044.07
1042.27
1041.26
1041.15
1040.65
1040.3
1037.87
1037.2
1036.71
1036.03
1034.21
1032.06
1030.29
1027.96
1027.51
1026.84
1025.22
1023.31
1021.76
1021.13
1020.32
1018.14
1017.07
1013.81
1010.88
1010.02
1008.52
1007.88
1007.58
1007.06
1003.77
1003.4
1003.0
1001.03
998.791
998.116
995.927
993.056
993.03
991.533
990.177
989.609
989.12
988.505
986.351
985.752
984.869
982.959
981.13
978.32
976.106
975.587
974.765
973.384
972.637
972.401
971.715
970.96
968.939
967.203
965.048
964.105
963.681
963.454
963.454
962.727
962.532
962.194
962.065
962.028
960.904
960.743
960.712
959.867
956.282
954.702
953.814
952.741
952.622
950.061
949.322
948.978
946.794
945.631
945.572
944.541
943.171
942.86
942.504
942.463
942.139
941.593
941.495
940.79
940.276
939.361
938.329
936.968
935.589
935.111
934.233
933.935
933.848
933.73
933.616
930.984
930.22
929.815
929.491
928.072
925.727
923.959
923.531
923.208
922.665
922.647
922.599
922.533
921.116
917.982
917.873
917.45
917.117
916.094
915.153
914.752
912.653
911.152
909.516
908.052
906.01
905.895
905.866
905.799
904.704
904.552
904.313
903.982
903.62
901.786
901.698
900.813
899.034
898.119
897.657
896.797
896.48
896.225
895.834
895.668
895.3
895.077
891.829
891.734
891.331
891.259
890.154
889.806
887.152
885.573
884.429
883.389
881.729
881.118
880.783
880.41
879.764
878.852
874.936
873.148
872.748
870.286
870.239
870.028
869.483
869.318
868.842
867.869
865.367
865.297
864.776
864.365
863.703
863.516
861.746
861.493
861.397
860.944
860.223
858.633
858.124
857.283
856.332
854.839
854.388
852.444
848.916
848.51
847.834
846.524
845.93
845.664
843.874
843.768
843.062
842.901
842.502
842.279
841.867
841.705
840.433
837.926
836.985
836.122
835.258
832.737
832.514
831.729
831.492
831.427
830.825
830.376
828.26
827.157
827.078
825.883
825.501
824.999
823.98
823.507
823.345
822.97
822.573
820.992
820.563
820.547
819.701
815.966
815.644
815.615
815.332
814.634
814.372
814.334
811.79
811.617
811.095
811.035
810.524
809.349
808.308
807.649
807.036
806.599
806.206
806.164
805.813
804.415
804.262
804.18
804.126
803.257
802.846
802.586
800.16
798.85
798.18
797.696
797.668
797.52
797.32
795.684
795.462
794.277
792.707
792.126
791.763
789.43
789.025
787.049
786.409
784.394
783.841
782.337
780.1
779.01
777.999
777.972
777.565
774.716
774.39
771.076
769.124
764.938
764.791
759.912
759.002
758.602
758.542
757.498
755.526
755.069
753.905
753.301
752.563
752.298
751.979
751.468
751.456
750.734
749.604
748.432
747.116
746.866
746.178
744.172
742.934
742.269
741.699
741.243
740.821
740.464
740.069
737.687
737.143
736.744
736.2
735.958
735.393
733.79
733.694
733.347
732.793
732.513
732.43
730.046
728.804
726.437
723.368
723.187
721.971
721.707
721.13
721.0
718.189
717.561
717.241
715.923
715.625
714.046
712.317
712.273
712.167
711.973
709.966
709.343
707.926
707.494
706.983
706.283
705.897
705.0
704.051
703.609
703.386
701.092
700.744
696.215
696.192
696.148
693.941
692.733
692.594
692.325
691.718
691.435
691.364
691.215
690.757
689.932
688.169
688.113
686.702
686.258
686.145
684.021
683.041
682.891
682.052
680.298
679.643
678.849
678.684
678.339
678.076
678.035
677.836
675.824
675.639
675.284
675.232
674.359
672.493
672.322
672.239
671.795
669.722
668.02
667.917
667.62
666.681
665.934
663.372
662.345
660.65
660.231
658.178
657.425
656.66
656.597
655.656
654.935
654.428
654.146
653.806
653.493
650.454
650.197
650.063
649.754
649.175
647.993
644.327
643.816
642.049
641.218
640.223
639.682
639.586
638.943
637.591
637.005
634.837
632.581
631.732
631.174
629.546
628.744
628.736
623.269
623.033
620.623
620.6
620.449
619.041
618.151
618.009
617.804
616.748
615.741
615.682
614.98
614.084
612.319
612.105
611.885
611.809
609.928
609.298
609.171
609.084
608.47
607.125
606.422
604.663
604.44
604.306
604.133
603.923
602.115
601.389
599.828
597.743
597.151
596.865
596.727
596.464
594.079
593.635
592.89
592.732
591.535
589.503
588.636
587.97
586.099
585.013
585.004
584.87
584.614
583.836
582.314
582.135
581.027
579.574
577.437
574.618
572.48
570.9
570.74
569.415
568.349
567.439
563.147
562.552
560.764
560.282
558.385
557.746
557.305
555.39
554.425
553.651
553.425
553.319
553.044
551.841
550.814
550.109
549.887
548.378
547.126
545.757
544.826
544.361
544.234
544.061
541.124
539.529
539.425
538.997
537.482
537.145
536.922
534.798
534.043
531.733
530.952
529.009
528.701
527.853
527.653
527.289
527.021
526.762
525.555
525.024
522.909
522.43
521.023
518.778
518.673
517.329
516.432
516.076
515.49
514.97
514.965
513.642
510.417
508.733
508.361
507.378
507.147
505.098
504.035
502.611
502.366
501.819
501.672
500.905
500.418
499.948
499.83
499.131
496.36
496.206
493.201
491.88
491.609
491.042
489.396
488.092
487.433
486.909
485.678
485.318
483.631
483.168
482.143
482.126
481.617
481.013
480.773
478.731
478.696
473.558
472.238
471.567
471.36
470.732
470.0
469.786
468.174
467.417
467.374
466.36
466.295
465.835
465.71
465.397
465.13
464.565
464.165
461.589
459.763
458.036
455.656
454.062
453.945
452.781
452.336
452.28
451.881
451.36
450.067
450.052
449.413
448.478
447.109
445.814
445.171
445.162
442.73
441.646
441.208
439.963
437.882
436.833
434.461
433.227
431.594
431.542
431.516
430.01
429.5
428.524
428.336
427.351
427.15
427.091
426.704
423.84
423.598
422.681
421.234
418.832
416.902
416.773
415.774
415.765
415.744
414.953
414.84
413.186
412.934
412.367
410.826
410.068
409.612
408.967
408.739
408.731
408.336
408.108
407.626
406.287
405.716
404.269
403.128
401.685
401.409
400.565
399.4
398.718
398.579
397.695
396.665
393.882
392.373
389.899
389.746
389.372
388.967
388.641
388.392
386.389
385.86
384.823
382.339
382.22
381.987
381.535
381.004
380.147
378.627
376.736
376.028
375.655
372.771
371.159
367.575
367.403
366.305
365.422
364.425
361.33
360.627
359.57
358.924
356.416
356.144
354.689
354.199
353.22
351.94
351.865
349.787
349.622
349.588
349.168
349.148
347.094
346.113
345.575
344.843
344.595
344.56
343.249
343.043
341.768
341.037
339.795
339.391
339.166
337.736
337.334
336.61
334.582
332.738
331.561
329.419
329.211
327.951
327.789
327.323
326.194
324.41
324.114
318.191
317.629
317.366
317.142
316.973
316.838
316.396
309.86
308.735
308.598
308.506
307.534
307.217
305.097
304.882
304.642
304.592
302.992
302.673
301.479
300.692
299.249
298.412
297.069
296.795
294.003
293.553
293.435
292.96
292.785
291.094
289.954
288.702
287.686
287.602
287.345
287.033
286.303
285.98
285.97
285.317
284.699
282.982
280.49
279.556
278.559
277.067
271.822
271.398
271.232
269.935
269.313
268.067
265.792
265.633
262.924
262.031
261.378
261.257
257.344
257.294
256.863
256.297
256.045
255.778
253.692
253.387
251.545
250.598
248.758
248.197
245.813
244.516
244.114
242.3
241.076
240.753
240.46
239.712
239.015
238.548
238.501
237.463
236.41
236.324
234.71
234.077
233.605
231.585
231.477
231.316
230.23
229.915
228.335
225.254
224.5
223.53
222.667
221.732
221.576
219.161
219.012
217.837
213.977
213.967
212.271
210.396
210.329
209.688
208.349
208.06
206.661
205.836
204.256
204.231
203.315
202.51
202.453
198.798
198.707
197.338
194.842
194.706
194.274
193.262
193.126
192.524
187.011
185.001
184.528
183.374
183.26
182.82
180.975
180.661
180.643
180.569
180.313
177.395
175.735
175.129
173.472
169.875
169.014
168.678
168.518
168.429
162.768
161.612
161.183
159.141
156.131
154.902
150.96
150.124
149.623
148.701
146.308
146.106
146.082
145.531
145.274
145.051
142.227
141.639
140.639
140.534
140.509
139.715
139.606
138.475
138.253
136.527
134.071
133.21
131.132
131.11
130.103
124.778
122.778
122.564
121.929
120.886
120.84
117.014
116.857
116.233
116.034
114.674
111.488
110.207
109.957
109.39
108.387
106.459
105.596
105.445
104.448
103.117
101.458
100.687
98.194
96.7215
96.109
96.0874
95.5176
93.8078
92.246
90.3642
90.1592
87.8289
85.5021
85.0015
84.2148
82.9066
81.6809
81.072
79.2434
77.0229
76.7653
76.3181
75.3681
75.1539
75.0467
74.7874
74.7229
74.5887
74.2667
73.7402
73.6018
71.7396
70.0854
68.7781
65.8044
65.4204
64.1908
64.1492
63.7938
63.5903
62.0424
61.0001
59.087
58.1572
57.9381
56.141
55.8285
55.4818
55.4324
54.4883
53.3623
52.8459
52.5887
50.3175
48.7092
48.0752
47.6469
47.2834
45.8294
45.4441
44.0142
43.447
43.3221
42.0254
38.6484
37.6848
37.5995
33.5715
32.6575
30.9594
30.7968
30.0022
29.7732
27.7284
25.9815
24.1625
21.967
20.9056
18.8016
18.3774
17.1207
10.1904
8.11018
7.94665
6.12552
4.37074
4.29449
3.62223
2.08981
1.75478
1.41821
0.833985
0.789128
